-1.377,-117.56,31.76,-117.39,31.405,-0.2696,-1.5532,-117.88,31.948,-117.7,31.664,-0.268,-1.5532,-118.2,32.208,-118.02,31.92,-0.2666,-1.8414,-118.52,32.328,-118.34,32.172,-0.2653,-1.6652,-118.84,32.654,-118.66,32.419,-0.2638,2.0816,13.657,-9.0186,13.607,-9.025,-6.2093,1.6492,13.747,-9.3007,13.698,-9.0996,-6.3369,1.9855,13.839,-9.2285,13.789,-9.173,-6.4677,1.8574,13.931,-9.3474,13.881,-9.2454,-6.5986,2.1456,14.024,-9.2702,13.974,-9.3166,-6.7297,1.2649,-41.741,3.7599,-41.72,3.5687,7.4855,1.7453,-41.778,3.5293,-41.756,3.5982,7.46,1.6813,-41.813,3.5297,-41.792,3.6272,7.4342,1.4731,-41.849,3.6156,-41.828,3.6558,7.4077,1.345,-41.886,3.7185,-41.865,3.684,7.3823,0.5746,-79.705,-10.089,-79.758,-9.8854,-0.1477,0.6456,-79.605,-10.122,-79.659,-9.9671,-0.1508,0.6889,-79.503,-10.2,-79.559,-10.048,-0.154,0.7321,-79.401,-10.215,-79.458,-10.127,-0.157,0.8279,-79.299,-10.099,-79.356,-10.205,-0.1603,-0.8186,44.767,-19.294,44.66,-19.107,-0.4101,-0.7846,44.96,-19.55,44.852,-19.265,-0.411,-0.8557,45.155,-19.599,45.045,-19.42,-0.4128,-0.8063,45.349,-19.866,45.24,-19.573,-0.4142,-0.9267,45.549,-19.857,45.437,-19.724,-0.4161,1.1121,-16.067,-43.82,-16.308,-43.71,0.0013,1.0565,-15.627,-44.397,-15.868,-44.071,0.0014,1.0565,-15.182,-44.828,-15.426,-44.427,0.0013,1.0966,-14.732,-45.081,-14.98,-44.777,0.0013,1.1584,-14.28,-45.191,-14.53,-45.122,0.0013,0,1
-1.329,-117.25,31.517,-117.07,31.142,-0.2704,-1.377,-117.56,31.76,-117.39,31.405,-0.2696,-1.5532,-117.88,31.948,-117.7,31.664,-0.268,-1.5532,-118.2,32.208,-118.02,31.92,-0.2666,-1.8414,-118.52,32.328,-118.34,32.172,-0.2653,2.2577,13.567,-8.8684,13.517,-8.9493,-6.0826,2.0816,13.657,-9.0186,13.607,-9.025,-6.2093,1.6492,13.747,-9.3007,13.698,-9.0996,-6.3369,1.9855,13.839,-9.2285,13.789,-9.173,-6.4677,1.8574,13.931,-9.3474,13.881,-9.2454,-6.5986,1.297,-41.704,3.5808,-41.684,3.5388,7.5103,1.2649,-41.741,3.7599,-41.72,3.5687,7.4855,1.7453,-41.778,3.5293,-41.756,3.5982,7.46,1.6813,-41.813,3.5297,-41.792,3.6272,7.4342,1.4731,-41.849,3.6156,-41.828,3.6558,7.4077,0.7846,-79.802,-9.646,-79.857,-9.8026,-0.1444,0.5746,-79.705,-10.089,-79.758,-9.8854,-0.1477,0.6456,-79.605,-10.122,-79.659,-9.9671,-0.1508,0.6889,-79.503,-10.2,-79.559,-10.048,-0.154,0.7321,-79.401,-10.215,-79.458,-10.127,-0.157,-0.8372,44.576,-19.083,44.47,-18.946,-0.4086,-0.8186,44.767,-19.294,44.66,-19.107,-0.4101,-0.7846,44.96,-19.55,44.852,-19.265,-0.411,-0.8557,45.155,-19.599,45.045,-19.42,-0.4128,-0.8063,45.349,-19.866,45.24,-19.573,-0.4142,1.1275,-16.502,-43.495,-16.743,-43.343,0.0013,1.1121,-16.067,-43.82,-16.308,-43.71,0.0013,1.0565,-15.627,-44.397,-15.868,-44.071,0.0014,1.0565,-15.182,-44.828,-15.426,-44.427,0.0013,1.0966,-14.732,-45.081,-14.98,-44.777,0.0013,0,1
-2.0816,-116.94,30.912,-116.76,30.875,-0.2712,-1.329,-117.25,31.517,-117.07,31.142,-0.2704,-1.377,-117.56,31.76,-117.39,31.405,-0.2696,-1.5532,-117.88,31.948,-117.7,31.664,-0.268,-1.5532,-118.2,32.208,-118.02,31.92,-0.2666,1.6332,13.476,-9.0672,13.428,-8.8726,-5.954,2.2577,13.567,-8.8684,13.517,-8.9493,-6.0826,2.0816,13.657,-9.0186,13.607,-9.025,-6.2093,1.6492,13.747,-9.3007,13.698,-9.0996,-6.3369,1.9855,13.839,-9.2285,13.789,-9.173,-6.4677,1.8894,-41.67,3.2561,-41.649,3.5084,7.535,1.297,-41.704,3.5808,-41.684,3.5388,7.5103,1.2649,-41.741,3.7599,-41.72,3.5687,7.4855,1.7453,-41.778,3.5293,-41.756,3.5982,7.46,1.6813,-41.813,3.5297,-41.792,3.6272,7.4342,0.658,-79.901,-9.8507,-79.954,-9.7185,-0.1408,0.7846,-79.802,-9.646,-79.857,-9.8026,-0.1444,0.5746,-79.705,-10.089,-79.758,-9.8854,-0.1477,0.6456,-79.605,-10.122,-79.659,-9.9671,-0.1508,0.6889,-79.503,-10.2,-79.559,-10.048,-0.154,-0.8742,44.387,-18.817,44.281,-18.784,-0.4065,-0.8372,44.576,-19.083,44.47,-18.946,-0.4086,-0.8186,44.767,-19.294,44.66,-19.107,-0.4101,-0.7846,44.96,-19.55,44.852,-19.265,-0.411,-0.8557,45.155,-19.599,45.045,-19.42,-0.4128,1.1183,-16.936,-43.172,-17.174,-42.972,0.0014,1.1275,-16.502,-43.495,-16.743,-43.343,0.0013,1.1121,-16.067,-43.82,-16.308,-43.71,0.0013,1.0565,-15.627,-44.397,-15.868,-44.071,0.0014,1.0565,-15.182,-44.828,-15.426,-44.427,0.0013,0,1
-1.6813,-116.63,30.823,-116.46,30.604,-0.2728,-2.0816,-116.94,30.912,-116.76,30.875,-0.2712,-1.329,-117.25,31.517,-117.07,31.142,-0.2704,-1.377,-117.56,31.76,-117.39,31.405,-0.2696,-1.5532,-117.88,31.948,-117.7,31.664,-0.268,1.6973,13.386,-8.8973,13.34,-8.7949,-5.8262,1.6332,13.476,-9.0672,13.428,-8.8726,-5.954,2.2577,13.567,-8.8684,13.517,-8.9493,-6.0826,2.0816,13.657,-9.0186,13.607,-9.025,-6.2093,1.6492,13.747,-9.3007,13.698,-9.0996,-6.3369,1.6652,-41.636,3.4663,-41.614,3.4777,7.5612,1.8894,-41.67,3.2561,-41.649,3.5084,7.535,1.297,-41.704,3.5808,-41.684,3.5388,7.5103,1.2649,-41.741,3.7599,-41.72,3.5687,7.4855,1.7453,-41.778,3.5293,-41.756,3.5982,7.46,0.6209,-79.999,-9.6966,-80.051,-9.6334,-0.1382,0.658,-79.901,-9.8507,-79.954,-9.7185,-0.1408,0.7846,-79.802,-9.646,-79.857,-9.8026,-0.1444,0.5746,-79.705,-10.089,-79.758,-9.8854,-0.1477,0.6456,-79.605,-10.122,-79.659,-9.9671,-0.1508,-0.9051,44.199,-18.59,44.094,-18.619,-0.4054,-0.8742,44.387,-18.817,44.281,-18.784,-0.4065,-0.8372,44.576,-19.083,44.47,-18.946,-0.4086,-0.8186,44.767,-19.294,44.66,-19.107,-0.4101,-0.7846,44.96,-19.55,44.852,-19.265,-0.411,1.0658,-17.367,-42.955,-17.602,-42.595,0.0014,1.1183,-16.936,-43.172,-17.174,-42.972,0.0014,1.1275,-16.502,-43.495,-16.743,-43.343,0.0013,1.1121,-16.067,-43.82,-16.308,-43.71,0.0013,1.0565,-15.627,-44.397,-15.868,-44.071,0.0014,0,1
-1.5371,-116.32,30.616,-116.15,30.33,-0.2743,-1.6813,-116.63,30.823,-116.46,30.604,-0.2728,-2.0816,-116.94,30.912,-116.76,30.875,-0.2712,-1.329,-117.25,31.517,-117.07,31.142,-0.2704,-1.377,-117.56,31.76,-117.39,31.405,-0.2696,1.9054,13.297,-8.7068,13.252,-8.7161,-5.7024,1.6973,13.386,-8.8973,13.34,-8.7949,-5.8262,1.6332,13.476,-9.0672,13.428,-8.8726,-5.954,2.2577,13.567,-8.8684,13.517,-8.9493,-6.0826,2.0816,13.657,-9.0186,13.607,-9.025,-6.2093,1.4731,-41.6,3.505,-41.58,3.4465,7.5856,1.6652,-41.636,3.4663,-41.614,3.4777,7.5612,1.8894,-41.67,3.2561,-41.649,3.5084,7.535,1.297,-41.704,3.5808,-41.684,3.5388,7.5103,1.2649,-41.741,3.7599,-41.72,3.5687,7.4855,0.5808,-80.095,-9.7919,-80.147,-9.5471,-0.1351,0.6209,-79.999,-9.6966,-80.051,-9.6334,-0.1382,0.658,-79.901,-9.8507,-79.954,-9.7185,-0.1408,0.7846,-79.802,-9.646,-79.857,-9.8026,-0.1444,0.5746,-79.705,-10.089,-79.758,-9.8854,-0.1477,-0.9082,44.013,-18.469,43.909,-18.453,-0.4043,-0.9051,44.199,-18.59,44.094,-18.619,-0.4054,-0.8742,44.387,-18.817,44.281,-18.784,-0.4065,-0.8372,44.576,-19.083,44.47,-18.946,-0.4086,-0.8186,44.767,-19.294,44.66,-19.107,-0.4101,1.038,-17.794,-42.622,-18.026,-42.214,0.0013,1.0658,-17.367,-42.955,-17.602,-42.595,0.0014,1.1183,-16.936,-43.172,-17.174,-42.972,0.0014,1.1275,-16.502,-43.495,-16.743,-43.343,0.0013,1.1121,-16.067,-43.82,-16.308,-43.71,0.0013,0,1
-1.9855,-116.02,30.114,-115.85,30.052,-0.2749,-1.5371,-116.32,30.616,-116.15,30.33,-0.2743,-1.6813,-116.63,30.823,-116.46,30.604,-0.2728,-2.0816,-116.94,30.912,-116.76,30.875,-0.2712,-1.329,-117.25,31.517,-117.07,31.142,-0.2704,1.4251,13.21,-8.8199,13.165,-8.6363,-5.5792,1.9054,13.297,-8.7068,13.252,-8.7161,-5.7024,1.6973,13.386,-8.8973,13.34,-8.7949,-5.8262,1.6332,13.476,-9.0672,13.428,-8.8726,-5.954,2.2577,13.567,-8.8684,13.517,-8.9493,-6.0826,1.4891,-41.565,3.4297,-41.545,3.415,7.609,1.4731,-41.6,3.505,-41.58,3.4465,7.5856,1.6652,-41.636,3.4663,-41.614,3.4777,7.5612,1.8894,-41.67,3.2561,-41.649,3.5084,7.535,1.297,-41.704,3.5808,-41.684,3.5388,7.5103,0.6333,-80.191,-9.5063,-80.242,-9.4597,-0.1315,0.5808,-80.095,-9.7919,-80.147,-9.5471,-0.1351,0.6209,-79.999,-9.6966,-80.051,-9.6334,-0.1382,0.658,-79.901,-9.8507,-79.954,-9.7185,-0.1408,0.7846,-79.802,-9.646,-79.857,-9.8026,-0.1444,-0.8341,43.829,-18.479,43.725,-18.284,-0.4024,-0.9082,44.013,-18.469,43.909,-18.453,-0.4043,-0.9051,44.199,-18.59,44.094,-18.619,-0.4054,-0.8742,44.387,-18.817,44.281,-18.784,-0.4065,-0.8372,44.576,-19.083,44.47,-18.946,-0.4086,1.1059,-18.216,-41.872,-18.446,-41.827,0.0014,1.038,-17.794,-42.622,-18.026,-42.214,0.0013,1.0658,-17.367,-42.955,-17.602,-42.595,0.0014,1.1183,-16.936,-43.172,-17.174,-42.972,0.0014,1.1275,-16.502,-43.495,-16.743,-43.343,0.0013,0,1
-1.8254,-115.72,29.922,-115.55,29.771,-0.2759,-1.9855,-116.02,30.114,-115.85,30.052,-0.2749,-1.5371,-116.32,30.616,-116.15,30.33,-0.2743,-1.6813,-116.63,30.823,-116.46,30.604,-0.2728,-2.0816,-116.94,30.912,-116.76,30.875,-0.2712,1.4571,13.122,-8.6926,13.08,-8.5556,-5.4566,1.4251,13.21,-8.8199,13.165,-8.6363,-5.5792,1.9054,13.297,-8.7068,13.252,-8.7161,-5.7024,1.6973,13.386,-8.8973,13.34,-8.7949,-5.8262,1.6332,13.476,-9.0672,13.428,-8.8726,-5.954,1.5051,-41.531,3.3823,-41.511,3.3831,7.6334,1.4891,-41.565,3.4297,-41.545,3.415,7.609,1.4731,-41.6,3.505,-41.58,3.4465,7.5856,1.6652,-41.636,3.4663,-41.614,3.4777,7.5612,1.8894,-41.67,3.2561,-41.649,3.5084,7.535,0.7043,-80.284,-9.3453,-80.336,-9.3713,-0.1285,0.6333,-80.191,-9.5063,-80.242,-9.4597,-0.1315,0.5808,-80.095,-9.7919,-80.147,-9.5471,-0.1351,0.6209,-79.999,-9.6966,-80.051,-9.6334,-0.1382,0.658,-79.901,-9.8507,-79.954,-9.7185,-0.1408,-0.8711,43.646,-18.284,43.543,-18.113,-0.4011,-0.8341,43.829,-18.479,43.725,-18.284,-0.4024,-0.9082,44.013,-18.469,43.909,-18.453,-0.4043,-0.9051,44.199,-18.59,44.094,-18.619,-0.4054,-0.8742,44.387,-18.817,44.281,-18.784,-0.4065,1.0627,-18.634,-41.74,-18.863,-41.436,0.0014,1.1059,-18.216,-41.872,-18.446,-41.827,0.0014,1.038,-17.794,-42.622,-18.026,-42.214,0.0013,1.0658,-17.367,-42.955,-17.602,-42.595,0.0014,1.1183,-16.936,-43.172,-17.174,-42.972,0.0014,0,1
-1.7613,-115.42,29.66,-115.25,29.487,-0.2768,-1.8254,-115.72,29.922,-115.55,29.771,-0.2759,-1.9855,-116.02,30.114,-115.85,30.052,-0.2749,-1.5371,-116.32,30.616,-116.15,30.33,-0.2743,-1.6813,-116.63,30.823,-116.46,30.604,-0.2728,1.5211,13.036,-8.5528,12.994,-8.4739,-5.3346,1.4571,13.122,-8.6926,13.08,-8.5556,-5.4566,1.4251,13.21,-8.8199,13.165,-8.6363,-5.5792,1.9054,13.297,-8.7068,13.252,-8.7161,-5.7024,1.6973,13.386,-8.8973,13.34,-8.7949,-5.8262,1.9054,-41.498,3.1673,-41.478,3.3508,7.6579,1.5051,-41.531,3.3823,-41.511,3.3831,7.6334,1.4891,-41.565,3.4297,-41.545,3.415,7.609,1.4731,-41.6,3.505,-41.58,3.4465,7.5856,1.6652,-41.636,3.4663,-41.614,3.4777,7.5612,0.7229,-80.377,-9.3277,-80.43,-9.2818,-0.1254,0.7043,-80.284,-9.3453,-80.336,-9.3713,-0.1285,0.6333,-80.191,-9.5063,-80.242,-9.4597,-0.1315,0.5808,-80.095,-9.7919,-80.147,-9.5471,-0.1351,0.6209,-79.999,-9.6966,-80.051,-9.6334,-0.1382,-0.9545,43.465,-17.866,43.363,-17.94,-0.3997,-0.8711,43.646,-18.284,43.543,-18.113,-0.4011,-0.8341,43.829,-18.479,43.725,-18.284,-0.4024,-0.9082,44.013,-18.469,43.909,-18.453,-0.4043,-0.9051,44.199,-18.59,44.094,-18.619,-0.4054,1.0472,-19.048,-41.417,-19.275,-41.041,0.0014,1.0627,-18.634,-41.74,-18.863,-41.436,0.0014,1.1059,-18.216,-41.872,-18.446,-41.827,0.0014,1.038,-17.794,-42.622,-18.026,-42.214,0.0013,1.0658,-17.367,-42.955,-17.602,-42.595,0.0014,0,1
-1.2329,-115.12,29.618,-114.96,29.2,-0.2783,-1.7613,-115.42,29.66,-115.25,29.487,-0.2768,-1.8254,-115.72,29.922,-115.55,29.771,-0.2759,-1.9855,-116.02,30.114,-115.85,30.052,-0.2749,-1.5371,-116.32,30.616,-116.15,30.33,-0.2743,1.6172,12.951,-8.3997,12.91,-8.3914,-5.2155,1.5211,13.036,-8.5528,12.994,-8.4739,-5.3346,1.4571,13.122,-8.6926,13.08,-8.5556,-5.4566,1.4251,13.21,-8.8199,13.165,-8.6363,-5.5792,1.9054,13.297,-8.7068,13.252,-8.7161,-5.7024,1.6813,-41.465,3.3613,-41.444,3.3181,7.6821,1.9054,-41.498,3.1673,-41.478,3.3508,7.6579,1.5051,-41.531,3.3823,-41.511,3.3831,7.6334,1.4891,-41.565,3.4297,-41.545,3.415,7.609,1.4731,-41.6,3.505,-41.58,3.4465,7.5856,0.6395,-80.471,-9.3112,-80.522,-9.1914,-0.1227,0.7229,-80.377,-9.3277,-80.43,-9.2818,-0.1254,0.7043,-80.284,-9.3453,-80.336,-9.3713,-0.1285,0.6333,-80.191,-9.5063,-80.242,-9.4597,-0.1315,0.5808,-80.095,-9.7919,-80.147,-9.5471,-0.1351,-0.9453,43.286,-17.815,43.184,-17.765,-0.3987,-0.9545,43.465,-17.866,43.363,-17.94,-0.3997,-0.8711,43.646,-18.284,43.543,-18.113,-0.4011,-0.8341,43.829,-18.479,43.725,-18.284,-0.4024,-0.9082,44.013,-18.469,43.909,-18.453,-0.4043,0.9978,-19.46,-41.157,-19.683,-40.641,0.0014,1.0472,-19.048,-41.417,-19.275,-41.041,0.0014,1.0627,-18.634,-41.74,-18.863,-41.436,0.0014,1.1059,-18.216,-41.872,-18.446,-41.827,0.0014,1.038,-17.794,-42.622,-18.026,-42.214,0.0013,0,1
-1.6492,-114.83,29.104,-114.67,28.909,-0.2793,-1.2329,-115.12,29.618,-114.96,29.2,-0.2783,-1.7613,-115.42,29.66,-115.25,29.487,-0.2768,-1.8254,-115.72,29.922,-115.55,29.771,-0.2759,-1.9855,-116.02,30.114,-115.85,30.052,-0.2749,1.7293,12.868,-8.2758,12.827,-8.3079,-5.101,1.6172,12.951,-8.3997,12.91,-8.3914,-5.2155,1.5211,13.036,-8.5528,12.994,-8.4739,-5.3346,1.4571,13.122,-8.6926,13.08,-8.5556,-5.4566,1.4251,13.21,-8.8199,13.165,-8.6363,-5.5792,1.1529,-41.43,3.5616,-41.411,3.2851,7.7035,1.6813,-41.465,3.3613,-41.444,3.3181,7.6821,1.9054,-41.498,3.1673,-41.478,3.3508,7.6579,1.5051,-41.531,3.3823,-41.511,3.3831,7.6334,1.4891,-41.565,3.4297,-41.545,3.415,7.609,0.7259,-80.562,-9.0863,-80.613,-9.1,-0.119,0.6395,-80.471,-9.3112,-80.522,-9.1914,-0.1227,0.7229,-80.377,-9.3277,-80.43,-9.2818,-0.1254,0.7043,-80.284,-9.3453,-80.336,-9.3713,-0.1285,0.6333,-80.191,-9.5063,-80.242,-9.4597,-0.1315,-0.8186,43.107,-17.816,43.007,-17.588,-0.3976,-0.9453,43.286,-17.815,43.184,-17.765,-0.3987,-0.9545,43.465,-17.866,43.363,-17.94,-0.3997,-0.8711,43.646,-18.284,43.543,-18.113,-0.4011,-0.8341,43.829,-18.479,43.725,-18.284,-0.4024,0.9854,-19.868,-40.683,-20.088,-40.237,0.0014,0.9978,-19.46,-41.157,-19.683,-40.641,0.0014,1.0472,-19.048,-41.417,-19.275,-41.041,0.0014,1.0627,-18.634,-41.74,-18.863,-41.436,0.0014,1.1059,-18.216,-41.872,-18.446,-41.827,0.0014,0,1
-1.5692,-114.54,28.834,-114.38,28.616,-0.2796,-1.6492,-114.83,29.104,-114.67,28.909,-0.2793,-1.2329,-115.12,29.618,-114.96,29.2,-0.2783,-1.7613,-115.42,29.66,-115.25,29.487,-0.2768,-1.8254,-115.72,29.922,-115.55,29.771,-0.2759,1.7613,12.786,-8.1955,12.744,-8.2236,-4.9869,1.7293,12.868,-8.2758,12.827,-8.3079,-5.101,1.6172,12.951,-8.3997,12.91,-8.3914,-5.2155,1.5211,13.036,-8.5528,12.994,-8.4739,-5.3346,1.4571,13.122,-8.6926,13.08,-8.5556,-5.4566,1.361,-41.396,3.2327,-41.379,3.2518,7.7253,1.1529,-41.43,3.5616,-41.411,3.2851,7.7035,1.6813,-41.465,3.3613,-41.444,3.3181,7.6821,1.9054,-41.498,3.1673,-41.478,3.3508,7.6579,1.5051,-41.531,3.3823,-41.511,3.3831,7.6334,0.7383,-80.654,-8.9355,-80.704,-9.0076,-0.1155,0.7259,-80.562,-9.0863,-80.613,-9.1,-0.119,0.6395,-80.471,-9.3112,-80.522,-9.1914,-0.1227,0.7229,-80.377,-9.3277,-80.43,-9.2818,-0.1254,0.7043,-80.284,-9.3453,-80.336,-9.3713,-0.1285,-0.8773,42.931,-17.532,42.832,-17.41,-0.396,-0.8186,43.107,-17.816,43.007,-17.588,-0.3976,-0.9453,43.286,-17.815,43.184,-17.765,-0.3987,-0.9545,43.465,-17.866,43.363,-17.94,-0.3997,-0.8711,43.646,-18.284,43.543,-18.113,-0.4011,0.9947,-20.271,-40.197,-20.488,-39.828,0.0014,0.9854,-19.868,-40.683,-20.088,-40.237,0.0014,0.9978,-19.46,-41.157,-19.683,-40.641,0.0014,1.0472,-19.048,-41.417,-19.275,-41.041,0.0014,1.0627,-18.634,-41.74,-18.863,-41.436,0.0014,0,1
-1.2009,-114.25,28.729,-114.1,28.32,-0.2805,-1.5692,-114.54,28.834,-114.38,28.616,-0.2796,-1.6492,-114.83,29.104,-114.67,28.909,-0.2793,-1.2329,-115.12,29.618,-114.96,29.2,-0.2783,-1.7613,-115.42,29.66,-115.25,29.487,-0.2768,1.7293,12.704,-8.1413,12.662,-8.1384,-4.8728,1.7613,12.786,-8.1955,12.744,-8.2236,-4.9869,1.7293,12.868,-8.2758,12.827,-8.3079,-5.101,1.6172,12.951,-8.3997,12.91,-8.3914,-5.2155,1.5211,13.036,-8.5528,12.994,-8.4739,-5.3346,1.5371,-41.364,3.1293,-41.346,3.2181,7.7478,1.361,-41.396,3.2327,-41.379,3.2518,7.7253,1.1529,-41.43,3.5616,-41.411,3.2851,7.7035,1.6813,-41.465,3.3613,-41.444,3.3181,7.6821,1.9054,-41.498,3.1673,-41.478,3.3508,7.6579,0.7043,-80.744,-8.9432,-80.793,-8.9143,-0.1127,0.7383,-80.654,-8.9355,-80.704,-9.0076,-0.1155,0.7259,-80.562,-9.0863,-80.613,-9.1,-0.119,0.6395,-80.471,-9.3112,-80.522,-9.1914,-0.1227,0.7229,-80.377,-9.3277,-80.43,-9.2818,-0.1254,-0.8711,42.757,-17.303,42.659,-17.23,-0.3946,-0.8773,42.931,-17.532,42.832,-17.41,-0.396,-0.8186,43.107,-17.816,43.007,-17.588,-0.3976,-0.9453,43.286,-17.815,43.184,-17.765,-0.3987,-0.9545,43.465,-17.866,43.363,-17.94,-0.3997,1.041,-20.668,-39.628,-20.884,-39.416,0.0014,0.9947,-20.271,-40.197,-20.488,-39.828,0.0014,0.9854,-19.868,-40.683,-20.088,-40.237,0.0014,0.9978,-19.46,-41.157,-19.683,-40.641,0.0014,1.0472,-19.048,-41.417,-19.275,-41.041,0.0014,0,1
-2.0015,-113.97,28.072,-113.82,28.02,-0.2813,-1.2009,-114.25,28.729,-114.1,28.32,-0.2805,-1.5692,-114.54,28.834,-114.38,28.616,-0.2796,-1.6492,-114.83,29.104,-114.67,28.909,-0.2793,-1.2329,-115.12,29.618,-114.96,29.2,-0.2783,1.9855,12.624,-7.9431,12.581,-8.0524,-4.761,1.7293,12.704,-8.1413,12.662,-8.1384,-4.8728,1.7613,12.786,-8.1955,12.744,-8.2236,-4.9869,1.7293,12.868,-8.2758,12.827,-8.3079,-5.101,1.6172,12.951,-8.3997,12.91,-8.3914,-5.2155,1.4891,-41.333,3.1886,-41.314,3.1841,7.7694,1.5371,-41.364,3.1293,-41.346,3.2181,7.7478,1.361,-41.396,3.2327,-41.379,3.2518,7.7253,1.1529,-41.43,3.5616,-41.411,3.2851,7.7035,1.6813,-41.465,3.3613,-41.444,3.3181,7.6821,0.7754,-80.832,-8.7974,-80.882,-8.8201,-0.1091,0.7043,-80.744,-8.9432,-80.793,-8.9143,-0.1127,0.7383,-80.654,-8.9355,-80.704,-9.0076,-0.1155,0.7259,-80.562,-9.0863,-80.613,-9.1,-0.119,0.6395,-80.471,-9.3112,-80.522,-9.1914,-0.1227,-0.8433,42.584,-17.126,42.488,-17.047,-0.3936,-0.8711,42.757,-17.303,42.659,-17.23,-0.3946,-0.8773,42.931,-17.532,42.832,-17.41,-0.396,-0.8186,43.107,-17.816,43.007,-17.588,-0.3976,-0.9453,43.286,-17.815,43.184,-17.765,-0.3987,1.075,-21.061,-39.157,-21.276,-38.999,0.0014,1.041,-20.668,-39.628,-20.884,-39.416,0.0014,0.9947,-20.271,-40.197,-20.488,-39.828,0.0014,0.9854,-19.868,-40.683,-20.088,-40.237,0.0014,0.9978,-19.46,-41.157,-19.683,-40.641,0.0014,0,1
-1.2649,-113.69,28.114,-113.54,27.718,-0.2824,-2.0015,-113.97,28.072,-113.82,28.02,-0.2813,-1.2009,-114.25,28.729,-114.1,28.32,-0.2805,-1.5692,-114.54,28.834,-114.38,28.616,-0.2796,-1.6492,-114.83,29.104,-114.67,28.909,-0.2793,2.0816,12.544,-7.8225,12.501,-7.9656,-4.6502,1.9855,12.624,-7.9431,12.581,-8.0524,-4.761,1.7293,12.704,-8.1413,12.662,-8.1384,-4.8728,1.7613,12.786,-8.1955,12.744,-8.2236,-4.9869,1.7293,12.868,-8.2758,12.827,-8.3079,-5.101,1.4891,-41.3,3.1176,-41.283,3.1498,7.7912,1.4891,-41.333,3.1886,-41.314,3.1841,7.7694,1.5371,-41.364,3.1293,-41.346,3.2181,7.7478,1.361,-41.396,3.2327,-41.379,3.2518,7.7253,1.1529,-41.43,3.5616,-41.411,3.2851,7.7035,0.6518,-80.921,-8.8576,-80.97,-8.7251,-0.1063,0.7754,-80.832,-8.7974,-80.882,-8.8201,-0.1091,0.7043,-80.744,-8.9432,-80.793,-8.9143,-0.1127,0.7383,-80.654,-8.9355,-80.704,-9.0076,-0.1155,0.7259,-80.562,-9.0863,-80.613,-9.1,-0.119,-0.8557,42.414,-16.925,42.318,-16.864,-0.3924,-0.8433,42.584,-17.126,42.488,-17.047,-0.3936,-0.8711,42.757,-17.303,42.659,-17.23,-0.3946,-0.8773,42.931,-17.532,42.832,-17.41,-0.396,-0.8186,43.107,-17.816,43.007,-17.588,-0.3976,1.0349,-21.451,-38.844,-21.664,-38.579,0.0014,1.075,-21.061,-39.157,-21.276,-38.999,0.0014,1.041,-20.668,-39.628,-20.884,-39.416,0.0014,0.9947,-20.271,-40.197,-20.488,-39.828,0.0014,0.9854,-19.868,-40.683,-20.088,-40.237,0.0014,0,1
-1.5211,-113.41,27.662,-113.26,27.414,-0.2829,-1.2649,-113.69,28.114,-113.54,27.718,-0.2824,-2.0015,-113.97,28.072,-113.82,28.02,-0.2813,-1.2009,-114.25,28.729,-114.1,28.32,-0.2805,-1.5692,-114.54,28.834,-114.38,28.616,-0.2796,1.9374,12.465,-7.8202,12.422,-7.8781,-4.5408,2.0816,12.544,-7.8225,12.501,-7.9656,-4.6502,1.9855,12.624,-7.9431,12.581,-8.0524,-4.761,1.7293,12.704,-8.1413,12.662,-8.1384,-4.8728,1.7613,12.786,-8.1955,12.744,-8.2236,-4.9869,1.4891,-41.269,3.0855,-41.251,3.1152,7.8121,1.4891,-41.3,3.1176,-41.283,3.1498,7.7912,1.4891,-41.333,3.1886,-41.314,3.1841,7.7694,1.5371,-41.364,3.1293,-41.346,3.2181,7.7478,1.361,-41.396,3.2327,-41.379,3.2518,7.7253,0.7198,-81.008,-8.5965,-81.057,-8.6292,-0.103,0.6518,-80.921,-8.8576,-80.97,-8.7251,-0.1063,0.7754,-80.832,-8.7974,-80.882,-8.8201,-0.1091,0.7043,-80.744,-8.9432,-80.793,-8.9143,-0.1127,0.7383,-80.654,-8.9355,-80.704,-9.0076,-0.1155,-0.8557,42.245,-16.742,42.151,-16.679,-0.391,-0.8557,42.414,-16.925,42.318,-16.864,-0.3924,-0.8433,42.584,-17.126,42.488,-17.047,-0.3936,-0.8711,42.757,-17.303,42.659,-17.23,-0.3946,-0.8773,42.931,-17.532,42.832,-17.41,-0.396,0.9669,-21.839,-38.633,-22.048,-38.155,0.0015,1.0349,-21.451,-38.844,-21.664,-38.579,0.0014,1.075,-21.061,-39.157,-21.276,-38.999,0.0014,1.041,-20.668,-39.628,-20.884,-39.416,0.0014,0.9947,-20.271,-40.197,-20.488,-39.828,0.0014,0,1
-1.5051,-113.14,27.356,-112.99,27.107,-0.2839,-1.5211,-113.41,27.662,-113.26,27.414,-0.2829,-1.2649,-113.69,28.114,-113.54,27.718,-0.2824,-2.0015,-113.97,28.072,-113.82,28.02,-0.2813,-1.2009,-114.25,28.729,-114.1,28.32,-0.2805,1.8574,12.386,-7.7626,12.344,-7.7899,-4.4328,1.9374,12.465,-7.8202,12.422,-7.8781,-4.5408,2.0816,12.544,-7.8225,12.501,-7.9656,-4.6502,1.9855,12.624,-7.9431,12.581,-8.0524,-4.761,1.7293,12.704,-8.1413,12.662,-8.1384,-4.8728,1.329,-41.237,3.1536,-41.22,3.0803,7.8328,1.4891,-41.269,3.0855,-41.251,3.1152,7.8121,1.4891,-41.3,3.1176,-41.283,3.1498,7.7912,1.4891,-41.333,3.1886,-41.314,3.1841,7.7694,1.5371,-41.364,3.1293,-41.346,3.2181,7.7478,0.6858,-81.094,-8.7082,-81.142,-8.5326,-0.0999,0.7198,-81.008,-8.5965,-81.057,-8.6292,-0.103,0.6518,-80.921,-8.8576,-80.97,-8.7251,-0.1063,0.7754,-80.832,-8.7974,-80.882,-8.8201,-0.1091,0.7043,-80.744,-8.9432,-80.793,-8.9143,-0.1127,-0.8063,42.078,-16.635,41.985,-16.492,-0.3898,-0.8557,42.245,-16.742,42.151,-16.679,-0.391,-0.8557,42.414,-16.925,42.318,-16.864,-0.3924,-0.8433,42.584,-17.126,42.488,-17.047,-0.3936,-0.8711,42.757,-17.303,42.659,-17.23,-0.3946,0.9669,-22.222,-38.113,-22.427,-37.728,0.0015,0.9669,-21.839,-38.633,-22.048,-38.155,0.0015,1.0349,-21.451,-38.844,-21.664,-38.579,0.0014,1.075,-21.061,-39.157,-21.276,-38.999,0.0014,1.041,-20.668,-39.628,-20.884,-39.416,0.0014,0,1
-1.4571,-112.87,27.085,-112.72,26.797,-0.2841,-1.5051,-113.14,27.356,-112.99,27.107,-0.2839,-1.5211,-113.41,27.662,-113.26,27.414,-0.2829,-1.2649,-113.69,28.114,-113.54,27.718,-0.2824,-2.0015,-113.97,28.072,-113.82,28.02,-0.2813,1.7133,12.308,-7.7351,12.266,-7.7009,-4.3243,1.8574,12.386,-7.7626,12.344,-7.7899,-4.4328,1.9374,12.465,-7.8202,12.422,-7.8781,-4.5408,2.0816,12.544,-7.8225,12.501,-7.9656,-4.6502,1.9855,12.624,-7.9431,12.581,-8.0524,-4.761,1.6172,-41.207,2.9258,-41.19,3.0451,7.8539,1.329,-41.237,3.1536,-41.22,3.0803,7.8328,1.4891,-41.269,3.0855,-41.251,3.1152,7.8121,1.4891,-41.3,3.1176,-41.283,3.1498,7.7912,1.4891,-41.333,3.1886,-41.314,3.1841,7.7694,0.7754,-81.179,-8.4279,-81.227,-8.4351,-0.0969,0.6858,-81.094,-8.7082,-81.142,-8.5326,-0.0999,0.7198,-81.008,-8.5965,-81.057,-8.6292,-0.103,0.6518,-80.921,-8.8576,-80.97,-8.7251,-0.1063,0.7754,-80.832,-8.7974,-80.882,-8.8201,-0.1091,-0.7877,41.913,-16.548,41.821,-16.303,-0.3883,-0.8063,42.078,-16.635,41.985,-16.492,-0.3898,-0.8557,42.245,-16.742,42.151,-16.679,-0.391,-0.8557,42.414,-16.925,42.318,-16.864,-0.3924,-0.8433,42.584,-17.126,42.488,-17.047,-0.3936,1.0163,-22.599,-37.435,-22.803,-37.297,0.0015,0.9669,-22.222,-38.113,-22.427,-37.728,0.0015,0.9669,-21.839,-38.633,-22.048,-38.155,0.0015,1.0349,-21.451,-38.844,-21.664,-38.579,0.0014,1.075,-21.061,-39.157,-21.276,-38.999,0.0014,0,1
-1.8894,-112.6,26.586,-112.45,26.485,-0.2849,-1.4571,-112.87,27.085,-112.72,26.797,-0.2841,-1.5051,-113.14,27.356,-112.99,27.107,-0.2839,-1.5211,-113.41,27.662,-113.26,27.414,-0.2829,-1.2649,-113.69,28.114,-113.54,27.718,-0.2824,1.6973,12.23,-7.6192,12.19,-7.6113,-4.217,1.7133,12.308,-7.7351,12.266,-7.7009,-4.3243,1.8574,12.386,-7.7626,12.344,-7.7899,-4.4328,1.9374,12.465,-7.8202,12.422,-7.8781,-4.5408,2.0816,12.544,-7.8225,12.501,-7.9656,-4.6502,1.6332,-41.178,2.9811,-41.159,3.0097,7.8749,1.6172,-41.207,2.9258,-41.19,3.0451,7.8539,1.329,-41.237,3.1536,-41.22,3.0803,7.8328,1.4891,-41.269,3.0855,-41.251,3.1152,7.8121,1.4891,-41.3,3.1176,-41.283,3.1498,7.7912,0.7105,-81.264,-8.3744,-81.311,-8.337,-0.0938,0.7754,-81.179,-8.4279,-81.227,-8.4351,-0.0969,0.6858,-81.094,-8.7082,-81.142,-8.5326,-0.0999,0.7198,-81.008,-8.5965,-81.057,-8.6292,-0.103,0.6518,-80.921,-8.8576,-80.97,-8.7251,-0.1063,-0.8619,41.751,-16.212,41.659,-16.114,-0.3873,-0.7877,41.913,-16.548,41.821,-16.303,-0.3883,-0.8063,42.078,-16.635,41.985,-16.492,-0.3898,-0.8557,42.245,-16.742,42.151,-16.679,-0.391,-0.8557,42.414,-16.925,42.318,-16.864,-0.3924,1.0194,-22.971,-37.074,-23.174,-36.863,0.0015,1.0163,-22.599,-37.435,-22.803,-37.297,0.0015,0.9669,-22.222,-38.113,-22.427,-37.728,0.0015,0.9669,-21.839,-38.633,-22.048,-38.155,0.0015,1.0349,-21.451,-38.844,-21.664,-38.579,0.0014,0,1
-1.1048,-112.33,26.637,-112.19,26.171,-0.286,-1.8894,-112.6,26.586,-112.45,26.485,-0.2849,-1.4571,-112.87,27.085,-112.72,26.797,-0.2841,-1.5051,-113.14,27.356,-112.99,27.107,-0.2839,-1.5211,-113.41,27.662,-113.26,27.414,-0.2829,1.6652,12.153,-7.5286,12.114,-7.521,-4.1119,1.6973,12.23,-7.6192,12.19,-7.6113,-4.217,1.7133,12.308,-7.7351,12.266,-7.7009,-4.3243,1.8574,12.386,-7.7626,12.344,-7.7899,-4.4328,1.9374,12.465,-7.8202,12.422,-7.8781,-4.5408,1.4091,-41.147,3.1264,-41.129,2.974,7.8958,1.6332,-41.178,2.9811,-41.159,3.0097,7.8749,1.6172,-41.207,2.9258,-41.19,3.0451,7.8539,1.329,-41.237,3.1536,-41.22,3.0803,7.8328,1.4891,-41.269,3.0855,-41.251,3.1152,7.8121,0.7754,-81.347,-8.2548,-81.394,-8.2381,-0.0914,0.7105,-81.264,-8.3744,-81.311,-8.337,-0.0938,0.7754,-81.179,-8.4279,-81.227,-8.4351,-0.0969,0.6858,-81.094,-8.7082,-81.142,-8.5326,-0.0999,0.7198,-81.008,-8.5965,-81.057,-8.6292,-0.103,-0.8063,41.589,-16.136,41.498,-15.922,-0.3862,-0.8619,41.751,-16.212,41.659,-16.114,-0.3873,-0.7877,41.913,-16.548,41.821,-16.303,-0.3883,-0.8063,42.078,-16.635,41.985,-16.492,-0.3898,-0.8557,42.245,-16.742,42.151,-16.679,-0.391,1.0102,-23.339,-36.74,-23.54,-36.426,0.0015,1.0194,-22.971,-37.074,-23.174,-36.863,0.0015,1.0163,-22.599,-37.435,-22.803,-37.297,0.0015,0.9669,-22.222,-38.113,-22.427,-37.728,0.0015,0.9669,-21.839,-38.633,-22.048,-38.155,0.0015,0,1
-1.5532,-112.07,26.072,-111.93,25.855,-0.2863,-1.1048,-112.33,26.637,-112.19,26.171,-0.286,-1.8894,-112.6,26.586,-112.45,26.485,-0.2849,-1.4571,-112.87,27.085,-112.72,26.797,-0.2841,-1.5051,-113.14,27.356,-112.99,27.107,-0.2839,1.6652,12.078,-7.4309,12.039,-7.4301,-4.0094,1.6652,12.153,-7.5286,12.114,-7.521,-4.1119,1.6973,12.23,-7.6192,12.19,-7.6113,-4.217,1.7133,12.308,-7.7351,12.266,-7.7009,-4.3243,1.8574,12.386,-7.7626,12.344,-7.7899,-4.4328,1.393,-41.117,3.0152,-41.1,2.938,7.915,1.4091,-41.147,3.1264,-41.129,2.974,7.8958,1.6332,-41.178,2.9811,-41.159,3.0097,7.8749,1.6172,-41.207,2.9258,-41.19,3.0451,7.8539,1.329,-41.237,3.1536,-41.22,3.0803,7.8328,0.729,-81.43,-8.2027,-81.476,-8.1385,-0.0879,0.7754,-81.347,-8.2548,-81.394,-8.2381,-0.0914,0.7105,-81.264,-8.3744,-81.311,-8.337,-0.0938,0.7754,-81.179,-8.4279,-81.227,-8.4351,-0.0969,0.6858,-81.094,-8.7082,-81.142,-8.5326,-0.0999,-0.9113,41.43,-15.736,41.34,-15.73,-0.385,-0.8063,41.589,-16.136,41.498,-15.922,-0.3862,-0.8619,41.751,-16.212,41.659,-16.114,-0.3873,-0.7877,41.913,-16.548,41.821,-16.303,-0.3883,-0.8063,42.078,-16.635,41.985,-16.492,-0.3898,0.9762,-23.704,-36.381,-23.902,-35.985,0.0015,1.0102,-23.339,-36.74,-23.54,-36.426,0.0015,1.0194,-22.971,-37.074,-23.174,-36.863,0.0015,1.0163,-22.599,-37.435,-22.803,-37.297,0.0015,0.9669,-22.222,-38.113,-22.427,-37.728,0.0015,0,1
-1.297,-111.81,25.855,-111.67,25.537,-0.2865,-1.5532,-112.07,26.072,-111.93,25.855,-0.2863,-1.1048,-112.33,26.637,-112.19,26.171,-0.286,-1.8894,-112.6,26.586,-112.45,26.485,-0.2849,-1.4571,-112.87,27.085,-112.72,26.797,-0.2841,1.345,12.003,-7.4815,11.965,-7.3386,-3.9071,1.6652,12.078,-7.4309,12.039,-7.4301,-4.0094,1.6652,12.153,-7.5286,12.114,-7.521,-4.1119,1.6973,12.23,-7.6192,12.19,-7.6113,-4.217,1.7133,12.308,-7.7351,12.266,-7.7009,-4.3243,1.6172,-41.088,2.8506,-41.071,2.9019,7.9347,1.393,-41.117,3.0152,-41.1,2.938,7.915,1.4091,-41.147,3.1264,-41.129,2.974,7.8958,1.6332,-41.178,2.9811,-41.159,3.0097,7.8749,1.6172,-41.207,2.9258,-41.19,3.0451,7.8539,0.7321,-81.512,-8.0519,-81.557,-8.0383,-0.085,0.729,-81.43,-8.2027,-81.476,-8.1385,-0.0879,0.7754,-81.347,-8.2548,-81.394,-8.2381,-0.0914,0.7105,-81.264,-8.3744,-81.311,-8.337,-0.0938,0.7754,-81.179,-8.4279,-81.227,-8.4351,-0.0969,-0.7846,41.272,-15.801,41.184,-15.536,-0.3836,-0.9113,41.43,-15.736,41.34,-15.73,-0.385,-0.8063,41.589,-16.136,41.498,-15.922,-0.3862,-0.8619,41.751,-16.212,41.659,-16.114,-0.3873,-0.7877,41.913,-16.548,41.821,-16.303,-0.3883,0.9082,-24.066,-36.117,-24.26,-35.542,0.0016,0.9762,-23.704,-36.381,-23.902,-35.985,0.0015,1.0102,-23.339,-36.74,-23.54,-36.426,0.0015,1.0194,-22.971,-37.074,-23.174,-36.863,0.0015,1.0163,-22.599,-37.435,-22.803,-37.297,0.0015,0,1
-1.5852,-111.56,25.399,-111.42,25.216,-0.2872,-1.297,-111.81,25.855,-111.67,25.537,-0.2865,-1.5532,-112.07,26.072,-111.93,25.855,-0.2863,-1.1048,-112.33,26.637,-112.19,26.171,-0.286,-1.8894,-112.6,26.586,-112.45,26.485,-0.2849,1.313,11.929,-7.3775,11.892,-7.2466,-3.8062,1.345,12.003,-7.4815,11.965,-7.3386,-3.9071,1.6652,12.078,-7.4309,12.039,-7.4301,-4.0094,1.6652,12.153,-7.5286,12.114,-7.521,-4.1119,1.6973,12.23,-7.6192,12.19,-7.6113,-4.217,1.5051,-41.059,2.9668,-41.042,2.8655,7.9542,1.6172,-41.088,2.8506,-41.071,2.9019,7.9347,1.393,-41.117,3.0152,-41.1,2.938,7.915,1.4091,-41.147,3.1264,-41.129,2.974,7.8958,1.6332,-41.178,2.9811,-41.159,3.0097,7.8749,0.7538,-81.591,-7.9677,-81.637,-7.9375,-0.082,0.7321,-81.512,-8.0519,-81.557,-8.0383,-0.085,0.729,-81.43,-8.2027,-81.476,-8.1385,-0.0879,0.7754,-81.347,-8.2548,-81.394,-8.2381,-0.0914,0.7105,-81.264,-8.3744,-81.311,-8.337,-0.0938,-0.8742,41.118,-15.463,41.029,-15.342,-0.3826,-0.7846,41.272,-15.801,41.184,-15.536,-0.3836,-0.9113,41.43,-15.736,41.34,-15.73,-0.385,-0.8063,41.589,-16.136,41.498,-15.922,-0.3862,-0.8619,41.751,-16.212,41.659,-16.114,-0.3873,0.9453,-24.422,-35.399,-24.613,-35.096,0.0016,0.9082,-24.066,-36.117,-24.26,-35.542,0.0016,0.9762,-23.704,-36.381,-23.902,-35.985,0.0015,1.0102,-23.339,-36.74,-23.54,-36.426,0.0015,1.0194,-22.971,-37.074,-23.174,-36.863,0.0015,0,1
-1.5211,-111.31,25.13,-111.17,24.894,-0.2877,-1.5852,-111.56,25.399,-111.42,25.216,-0.2872,-1.297,-111.81,25.855,-111.67,25.537,-0.2865,-1.5532,-112.07,26.072,-111.93,25.855,-0.2863,-1.1048,-112.33,26.637,-112.19,26.171,-0.286,1.2169,11.856,-7.3233,11.82,-7.154,-3.7082,1.313,11.929,-7.3775,11.892,-7.2466,-3.8062,1.345,12.003,-7.4815,11.965,-7.3386,-3.9071,1.6652,12.078,-7.4309,12.039,-7.4301,-4.0094,1.6652,12.153,-7.5286,12.114,-7.521,-4.1119,1.329,-41.029,2.9355,-41.013,2.8288,7.9725,1.5051,-41.059,2.9668,-41.042,2.8655,7.9542,1.6172,-41.088,2.8506,-41.071,2.9019,7.9347,1.393,-41.117,3.0152,-41.1,2.938,7.915,1.4091,-41.147,3.1264,-41.129,2.974,7.8958,0.692,-81.672,-7.9428,-81.716,-7.8361,-0.079,0.7538,-81.591,-7.9677,-81.637,-7.9375,-0.082,0.7321,-81.512,-8.0519,-81.557,-8.0383,-0.085,0.729,-81.43,-8.2027,-81.476,-8.1385,-0.0879,0.7754,-81.347,-8.2548,-81.394,-8.2381,-0.0914,-0.7136,40.963,-15.546,40.877,-15.146,-0.3814,-0.8742,41.118,-15.463,41.029,-15.342,-0.3826,-0.7846,41.272,-15.801,41.184,-15.536,-0.3836,-0.9113,41.43,-15.736,41.34,-15.73,-0.385,-0.8063,41.589,-16.136,41.498,-15.922,-0.3862,0.9267,-24.773,-35.002,-24.962,-34.648,0.0016,0.9453,-24.422,-35.399,-24.613,-35.096,0.0016,0.9082,-24.066,-36.117,-24.26,-35.542,0.0016,0.9762,-23.704,-36.381,-23.902,-35.985,0.0015,1.0102,-23.339,-36.74,-23.54,-36.426,0.0015,0,1
-1.297,-111.06,24.914,-110.92,24.57,-0.2876,-1.5211,-111.31,25.13,-111.17,24.894,-0.2877,-1.5852,-111.56,25.399,-111.42,25.216,-0.2872,-1.297,-111.81,25.855,-111.67,25.537,-0.2865,-1.5532,-112.07,26.072,-111.93,25.855,-0.2863,1.2649,11.785,-7.193,11.749,-7.0609,-3.6097,1.2169,11.856,-7.3233,11.82,-7.154,-3.7082,1.313,11.929,-7.3775,11.892,-7.2466,-3.8062,1.345,12.003,-7.4815,11.965,-7.3386,-3.9071,1.6652,12.078,-7.4309,12.039,-7.4301,-4.0094,1.5852,-41.001,2.7131,-40.985,2.792,7.9919,1.329,-41.029,2.9355,-41.013,2.8288,7.9725,1.5051,-41.059,2.9668,-41.042,2.8655,7.9542,1.6172,-41.088,2.8506,-41.071,2.9019,7.9347,1.393,-41.117,3.0152,-41.1,2.938,7.915,0.7167,-81.751,-7.7074,-81.793,-7.7341,-0.0762,0.692,-81.672,-7.9428,-81.716,-7.8361,-0.079,0.7538,-81.591,-7.9677,-81.637,-7.9375,-0.082,0.7321,-81.512,-8.0519,-81.557,-8.0383,-0.085,0.729,-81.43,-8.2027,-81.476,-8.1385,-0.0879,-0.8742,40.811,-14.914,40.727,-14.948,-0.3803,-0.7136,40.963,-15.546,40.877,-15.146,-0.3814,-0.8742,41.118,-15.463,41.029,-15.342,-0.3826,-0.7846,41.272,-15.801,41.184,-15.536,-0.3836,-0.9113,41.43,-15.736,41.34,-15.73,-0.385,0.9854,-25.118,-34.407,-25.306,-34.197,0.0016,0.9267,-24.773,-35.002,-24.962,-34.648,0.0016,0.9453,-24.422,-35.399,-24.613,-35.096,0.0016,0.9082,-24.066,-36.117,-24.26,-35.542,0.0016,0.9762,-23.704,-36.381,-23.902,-35.985,0.0015,0,1
-1.4731,-110.81,24.491,-110.68,24.245,-0.2882,-1.297,-111.06,24.914,-110.92,24.57,-0.2876,-1.5211,-111.31,25.13,-111.17,24.894,-0.2877,-1.5852,-111.56,25.399,-111.42,25.216,-0.2872,-1.297,-111.81,25.855,-111.67,25.537,-0.2865,1.1208,11.713,-7.1368,11.679,-6.9674,-3.5135,1.2649,11.785,-7.193,11.749,-7.0609,-3.6097,1.2169,11.856,-7.3233,11.82,-7.154,-3.7082,1.313,11.929,-7.3775,11.892,-7.2466,-3.8062,1.345,12.003,-7.4815,11.965,-7.3386,-3.9071,1.7613,-40.975,2.6577,-40.958,2.755,8.0103,1.5852,-41.001,2.7131,-40.985,2.792,7.9919,1.329,-41.029,2.9355,-41.013,2.8288,7.9725,1.5051,-41.059,2.9668,-41.042,2.8655,7.9542,1.6172,-41.088,2.8506,-41.071,2.9019,7.9347,0.5777,-81.828,-7.9052,-81.87,-7.6316,-0.0732,0.7167,-81.751,-7.7074,-81.793,-7.7341,-0.0762,0.692,-81.672,-7.9428,-81.716,-7.8361,-0.079,0.7538,-81.591,-7.9677,-81.637,-7.9375,-0.082,0.7321,-81.512,-8.0519,-81.557,-8.0383,-0.085,-0.7785,40.661,-14.954,40.578,-14.75,-0.3791,-0.8742,40.811,-14.914,40.727,-14.948,-0.3803,-0.7136,40.963,-15.546,40.877,-15.146,-0.3814,-0.8742,41.118,-15.463,41.029,-15.342,-0.3826,-0.7846,41.272,-15.801,41.184,-15.536,-0.3836,1.0441,-25.458,-33.8,-25.645,-33.744,0.0016,0.9854,-25.118,-34.407,-25.306,-34.197,0.0016,0.9267,-24.773,-35.002,-24.962,-34.648,0.0016,0.9453,-24.422,-35.399,-24.613,-35.096,0.0016,0.9082,-24.066,-36.117,-24.26,-35.542,0.0016,0,1
-1.6973,-110.57,24.052,-110.44,23.918,-0.2888,-1.4731,-110.81,24.491,-110.68,24.245,-0.2882,-1.297,-111.06,24.914,-110.92,24.57,-0.2876,-1.5211,-111.31,25.13,-111.17,24.894,-0.2877,-1.5852,-111.56,25.399,-111.42,25.216,-0.2872,1.345,11.643,-6.9085,11.61,-6.8733,-3.4189,1.1208,11.713,-7.1368,11.679,-6.9674,-3.5135,1.2649,11.785,-7.193,11.749,-7.0609,-3.6097,1.2169,11.856,-7.3233,11.82,-7.154,-3.7082,1.313,11.929,-7.3775,11.892,-7.2466,-3.8062,1.6172,-40.947,2.7688,-40.93,2.7179,8.0288,1.7613,-40.975,2.6577,-40.958,2.755,8.0103,1.5852,-41.001,2.7131,-40.985,2.792,7.9919,1.329,-41.029,2.9355,-41.013,2.8288,7.9725,1.5051,-41.059,2.9668,-41.042,2.8655,7.9542,0.5993,-81.906,-7.5912,-81.946,-7.5286,-0.0703,0.5777,-81.828,-7.9052,-81.87,-7.6316,-0.0732,0.7167,-81.751,-7.7074,-81.793,-7.7341,-0.0762,0.692,-81.672,-7.9428,-81.716,-7.8361,-0.079,0.7538,-81.591,-7.9677,-81.637,-7.9375,-0.082,-0.8248,40.514,-14.617,40.431,-14.551,-0.3784,-0.7785,40.661,-14.954,40.578,-14.75,-0.3791,-0.8742,40.811,-14.914,40.727,-14.948,-0.3803,-0.7136,40.963,-15.546,40.877,-15.146,-0.3814,-0.8742,41.118,-15.463,41.029,-15.342,-0.3826,0.97,-25.796,-33.67,-25.981,-33.289,0.0016,1.0441,-25.458,-33.8,-25.645,-33.744,0.0016,0.9854,-25.118,-34.407,-25.306,-34.197,0.0016,0.9267,-24.773,-35.002,-24.962,-34.648,0.0016,0.9453,-24.422,-35.399,-24.613,-35.096,0.0016,0,1
-1.4571,-110.33,23.825,-110.2,23.589,-0.2891,-1.6973,-110.57,24.052,-110.44,23.918,-0.2888,-1.4731,-110.81,24.491,-110.68,24.245,-0.2882,-1.297,-111.06,24.914,-110.92,24.57,-0.2876,-1.5211,-111.31,25.13,-111.17,24.894,-0.2877,1.4091,11.575,-6.7906,11.542,-6.7789,-3.3272,1.345,11.643,-6.9085,11.61,-6.8733,-3.4189,1.1208,11.713,-7.1368,11.679,-6.9674,-3.5135,1.2649,11.785,-7.193,11.749,-7.0609,-3.6097,1.2169,11.856,-7.3233,11.82,-7.154,-3.7082,1.4091,-40.919,2.8279,-40.903,2.6805,8.0463,1.6172,-40.947,2.7688,-40.93,2.7179,8.0288,1.7613,-40.975,2.6577,-40.958,2.755,8.0103,1.5852,-41.001,2.7131,-40.985,2.792,7.9919,1.329,-41.029,2.9355,-41.013,2.8288,7.9725,0.6703,-81.981,-7.2564,-82.021,-7.4252,-0.0676,0.5993,-81.906,-7.5912,-81.946,-7.5286,-0.0703,0.5777,-81.828,-7.9052,-81.87,-7.6316,-0.0732,0.7167,-81.751,-7.7074,-81.793,-7.7341,-0.0762,0.692,-81.672,-7.9428,-81.716,-7.8361,-0.079,-0.7167,40.367,-14.591,40.287,-14.351,-0.3774,-0.8248,40.514,-14.617,40.431,-14.551,-0.3784,-0.7785,40.661,-14.954,40.578,-14.75,-0.3791,-0.8742,40.811,-14.914,40.727,-14.948,-0.3803,-0.7136,40.963,-15.546,40.877,-15.146,-0.3814,0.9391,-26.131,-33.232,-26.311,-32.831,0.0016,0.97,-25.796,-33.67,-25.981,-33.289,0.0016,1.0441,-25.458,-33.8,-25.645,-33.744,0.0016,0.9854,-25.118,-34.407,-25.306,-34.197,0.0016,0.9267,-24.773,-35.002,-24.962,-34.648,0.0016,0,1
-1.5532,-110.09,23.45,-109.96,23.259,-0.2889,-1.4571,-110.33,23.825,-110.2,23.589,-0.2891,-1.6973,-110.57,24.052,-110.44,23.918,-0.2888,-1.4731,-110.81,24.491,-110.68,24.245,-0.2882,-1.297,-111.06,24.914,-110.92,24.57,-0.2876,1.329,11.507,-6.7346,11.474,-6.6841,-3.2366,1.4091,11.575,-6.7906,11.542,-6.7789,-3.3272,1.345,11.643,-6.9085,11.61,-6.8733,-3.4189,1.1208,11.713,-7.1368,11.679,-6.9674,-3.5135,1.2649,11.785,-7.193,11.749,-7.0609,-3.6097,1.6012,-40.893,2.6287,-40.877,2.643,8.0634,1.4091,-40.919,2.8279,-40.903,2.6805,8.0463,1.6172,-40.947,2.7688,-40.93,2.7179,8.0288,1.7613,-40.975,2.6577,-40.958,2.755,8.0103,1.5852,-41.001,2.7131,-40.985,2.792,7.9919,0.7383,-82.054,-7.1742,-82.094,-7.3213,-0.0646,0.6703,-81.981,-7.2564,-82.021,-7.4252,-0.0676,0.5993,-81.906,-7.5912,-81.946,-7.5286,-0.0703,0.5777,-81.828,-7.9052,-81.87,-7.6316,-0.0732,0.7167,-81.751,-7.7074,-81.793,-7.7341,-0.0762,-0.8155,40.224,-14.151,40.145,-14.151,-0.3762,-0.7167,40.367,-14.591,40.287,-14.351,-0.3774,-0.8248,40.514,-14.617,40.431,-14.551,-0.3784,-0.7785,40.661,-14.954,40.578,-14.75,-0.3791,-0.8742,40.811,-14.914,40.727,-14.948,-0.3803,0.97,-26.461,-32.522,-26.637,-32.372,0.0016,0.9391,-26.131,-33.232,-26.311,-32.831,0.0016,0.97,-25.796,-33.67,-25.981,-33.289,0.0016,1.0441,-25.458,-33.8,-25.645,-33.744,0.0016,0.9854,-25.118,-34.407,-25.306,-34.197,0.0016,0,1
-1.5692,-109.86,23.127,-109.73,22.928,-0.2892,-1.5532,-110.09,23.45,-109.96,23.259,-0.2889,-1.4571,-110.33,23.825,-110.2,23.589,-0.2891,-1.6973,-110.57,24.052,-110.44,23.918,-0.2888,-1.4731,-110.81,24.491,-110.68,24.245,-0.2882,1.1529,11.441,-6.7186,11.408,-6.5889,-3.1481,1.329,11.507,-6.7346,11.474,-6.6841,-3.2366,1.4091,11.575,-6.7906,11.542,-6.7789,-3.3272,1.345,11.643,-6.9085,11.61,-6.8733,-3.4189,1.1208,11.713,-7.1368,11.679,-6.9674,-3.5135,1.6813,-40.867,2.5871,-40.85,2.6054,8.0799,1.6012,-40.893,2.6287,-40.877,2.643,8.0634,1.4091,-40.919,2.8279,-40.903,2.6805,8.0463,1.6172,-40.947,2.7688,-40.93,2.7179,8.0288,1.7613,-40.975,2.6577,-40.958,2.755,8.0103,0.5684,-82.127,-7.4512,-82.167,-7.2171,-0.0618,0.7383,-82.054,-7.1742,-82.094,-7.3213,-0.0646,0.6703,-81.981,-7.2564,-82.021,-7.4252,-0.0676,0.5993,-81.906,-7.5912,-81.946,-7.5286,-0.0703,0.5777,-81.828,-7.9052,-81.87,-7.6316,-0.0732,-0.7723,40.083,-14.101,40.004,-13.949,-0.3752,-0.8155,40.224,-14.151,40.145,-14.151,-0.3762,-0.7167,40.367,-14.591,40.287,-14.351,-0.3774,-0.8248,40.514,-14.617,40.431,-14.551,-0.3784,-0.7785,40.661,-14.954,40.578,-14.75,-0.3791,0.9237,-26.785,-32.181,-26.959,-31.911,0.0016,0.97,-26.461,-32.522,-26.637,-32.372,0.0016,0.9391,-26.131,-33.232,-26.311,-32.831,0.0016,0.97,-25.796,-33.67,-25.981,-33.289,0.0016,1.0441,-25.458,-33.8,-25.645,-33.744,0.0016,0,1
-1.6973,-109.63,22.749,-109.51,22.595,-0.2894,-1.5692,-109.86,23.127,-109.73,22.928,-0.2892,-1.5532,-110.09,23.45,-109.96,23.259,-0.2889,-1.4571,-110.33,23.825,-110.2,23.589,-0.2891,-1.6973,-110.57,24.052,-110.44,23.918,-0.2888,1.2169,11.375,-6.5962,11.342,-6.4934,-3.0607,1.1529,11.441,-6.7186,11.408,-6.5889,-3.1481,1.329,11.507,-6.7346,11.474,-6.6841,-3.2366,1.4091,11.575,-6.7906,11.542,-6.7789,-3.3272,1.345,11.643,-6.9085,11.61,-6.8733,-3.4189,1.6332,-40.84,2.568,-40.824,2.5676,8.0965,1.6813,-40.867,2.5871,-40.85,2.6054,8.0799,1.6012,-40.893,2.6287,-40.877,2.643,8.0634,1.4091,-40.919,2.8279,-40.903,2.6805,8.0463,1.6172,-40.947,2.7688,-40.93,2.7179,8.0288,0.5128,-82.201,-7.3594,-82.239,-7.1125,-0.0589,0.5684,-82.127,-7.4512,-82.167,-7.2171,-0.0618,0.7383,-82.054,-7.1742,-82.094,-7.3213,-0.0646,0.6703,-81.981,-7.2564,-82.021,-7.4252,-0.0676,0.5993,-81.906,-7.5912,-81.946,-7.5286,-0.0703,-0.8433,39.943,-13.707,39.865,-13.747,-0.3742,-0.7723,40.083,-14.101,40.004,-13.949,-0.3752,-0.8155,40.224,-14.151,40.145,-14.151,-0.3762,-0.7167,40.367,-14.591,40.287,-14.351,-0.3774,-0.8248,40.514,-14.617,40.431,-14.551,-0.3784,0.9484,-27.104,-31.596,-27.276,-31.449,0.0016,0.9237,-26.785,-32.181,-26.959,-31.911,0.0016,0.97,-26.461,-32.522,-26.637,-32.372,0.0016,0.9391,-26.131,-33.232,-26.311,-32.831,0.0016,0.97,-25.796,-33.67,-25.981,-33.289,0.0016,0,1
-1.345,-109.41,22.574,-109.28,22.262,-0.2898,-1.6973,-109.63,22.749,-109.51,22.595,-0.2894,-1.5692,-109.86,23.127,-109.73,22.928,-0.2892,-1.5532,-110.09,23.45,-109.96,23.259,-0.2889,-1.4571,-110.33,23.825,-110.2,23.589,-0.2891,1.6172,11.311,-6.3255,11.278,-6.3976,-2.9755,1.2169,11.375,-6.5962,11.342,-6.4934,-3.0607,1.1529,11.441,-6.7186,11.408,-6.5889,-3.1481,1.329,11.507,-6.7346,11.474,-6.6841,-3.2366,1.4091,11.575,-6.7906,11.542,-6.7789,-3.3272,1.4411,-40.814,2.6299,-40.799,2.5297,8.113,1.6332,-40.84,2.568,-40.824,2.5676,8.0965,1.6813,-40.867,2.5871,-40.85,2.6054,8.0799,1.6012,-40.893,2.6287,-40.877,2.643,8.0634,1.4091,-40.919,2.8279,-40.903,2.6805,8.0463,0.6147,-82.272,-7.0011,-82.309,-7.0075,-0.0566,0.5128,-82.201,-7.3594,-82.239,-7.1125,-0.0589,0.5684,-82.127,-7.4512,-82.167,-7.2171,-0.0618,0.7383,-82.054,-7.1742,-82.094,-7.3213,-0.0646,0.6703,-81.981,-7.2564,-82.021,-7.4252,-0.0676,-0.8711,39.806,-13.432,39.729,-13.544,-0.3736,-0.8433,39.943,-13.707,39.865,-13.747,-0.3742,-0.7723,40.083,-14.101,40.004,-13.949,-0.3752,-0.8155,40.224,-14.151,40.145,-14.151,-0.3762,-0.7167,40.367,-14.591,40.287,-14.351,-0.3774,0.9113,-27.417,-31.399,-27.588,-30.985,0.0016,0.9484,-27.104,-31.596,-27.276,-31.449,0.0016,0.9237,-26.785,-32.181,-26.959,-31.911,0.0016,0.97,-26.461,-32.522,-26.637,-32.372,0.0016,0.9391,-26.131,-33.232,-26.311,-32.831,0.0016,0,1
-1.1529,-109.18,22.3,-109.06,21.928,-0.2896,-1.345,-109.41,22.574,-109.28,22.262,-0.2898,-1.6973,-109.63,22.749,-109.51,22.595,-0.2894,-1.5692,-109.86,23.127,-109.73,22.928,-0.2892,-1.5532,-110.09,23.45,-109.96,23.259,-0.2889,1.361,11.247,-6.3508,11.215,-6.3015,-2.8919,1.6172,11.311,-6.3255,11.278,-6.3976,-2.9755,1.2169,11.375,-6.5962,11.342,-6.4934,-3.0607,1.1529,11.441,-6.7186,11.408,-6.5889,-3.1481,1.329,11.507,-6.7346,11.474,-6.6841,-3.2366,1.5692,-40.789,2.4929,-40.774,2.4917,8.1285,1.4411,-40.814,2.6299,-40.799,2.5297,8.113,1.6332,-40.84,2.568,-40.824,2.5676,8.0965,1.6813,-40.867,2.5871,-40.85,2.6054,8.0799,1.6012,-40.893,2.6287,-40.877,2.643,8.0634,0.5252,-82.342,-7.0902,-82.379,-6.9023,-0.0538,0.6147,-82.272,-7.0011,-82.309,-7.0075,-0.0566,0.5128,-82.201,-7.3594,-82.239,-7.1125,-0.0589,0.5684,-82.127,-7.4512,-82.167,-7.2171,-0.0618,0.7383,-82.054,-7.1742,-82.094,-7.3213,-0.0646,-0.7538,39.671,-13.563,39.595,-13.341,-0.3724,-0.8711,39.806,-13.432,39.729,-13.544,-0.3736,-0.8433,39.943,-13.707,39.865,-13.747,-0.3742,-0.7723,40.083,-14.101,40.004,-13.949,-0.3752,-0.8155,40.224,-14.151,40.145,-14.151,-0.3762,0.9298,-27.727,-30.875,-27.895,-30.519,0.0016,0.9113,-27.417,-31.399,-27.588,-30.985,0.0016,0.9484,-27.104,-31.596,-27.276,-31.449,0.0016,0.9237,-26.785,-32.181,-26.959,-31.911,0.0016,0.97,-26.461,-32.522,-26.637,-32.372,0.0016,0,1
-1.2489,-108.96,21.903,-108.84,21.593,-0.2894,-1.1529,-109.18,22.3,-109.06,21.928,-0.2896,-1.345,-109.41,22.574,-109.28,22.262,-0.2898,-1.6973,-109.63,22.749,-109.51,22.595,-0.2894,-1.5692,-109.86,23.127,-109.73,22.928,-0.2892,1.313,11.185,-6.2915,11.152,-6.2052,-2.8091,1.361,11.247,-6.3508,11.215,-6.3015,-2.8919,1.6172,11.311,-6.3255,11.278,-6.3976,-2.9755,1.2169,11.375,-6.5962,11.342,-6.4934,-3.0607,1.1529,11.441,-6.7186,11.408,-6.5889,-3.1481,1.5371,-40.764,2.5116,-40.749,2.4537,8.1442,1.5692,-40.789,2.4929,-40.774,2.4917,8.1285,1.4411,-40.814,2.6299,-40.799,2.5297,8.113,1.6332,-40.84,2.568,-40.824,2.5676,8.0965,1.6813,-40.867,2.5871,-40.85,2.6054,8.0799,0.6024,-82.411,-6.7469,-82.448,-6.7968,-0.051,0.5252,-82.342,-7.0902,-82.379,-6.9023,-0.0538,0.6147,-82.272,-7.0011,-82.309,-7.0075,-0.0566,0.5128,-82.201,-7.3594,-82.239,-7.1125,-0.0589,0.5684,-82.127,-7.4512,-82.167,-7.2171,-0.0618,-0.8001,39.537,-13.269,39.462,-13.137,-0.3715,-0.7538,39.671,-13.563,39.595,-13.341,-0.3724,-0.8711,39.806,-13.432,39.729,-13.544,-0.3736,-0.8433,39.943,-13.707,39.865,-13.747,-0.3742,-0.7723,40.083,-14.101,40.004,-13.949,-0.3752,0.8711,-28.034,-30.597,-28.198,-30.053,0.0016,0.9298,-27.727,-30.875,-27.895,-30.519,0.0016,0.9113,-27.417,-31.399,-27.588,-30.985,0.0016,0.9484,-27.104,-31.596,-27.276,-31.449,0.0016,0.9237,-26.785,-32.181,-26.959,-31.911,0.0016,0,1
-1.8574,-108.75,21.27,-108.63,21.256,-0.2897,-1.2489,-108.96,21.903,-108.84,21.593,-0.2894,-1.1529,-109.18,22.3,-109.06,21.928,-0.2896,-1.345,-109.41,22.574,-109.28,22.262,-0.2898,-1.6973,-109.63,22.749,-109.51,22.595,-0.2894,1.5532,11.123,-6.0798,11.091,-6.1086,-2.7295,1.313,11.185,-6.2915,11.152,-6.2052,-2.8091,1.361,11.247,-6.3508,11.215,-6.3015,-2.8919,1.6172,11.311,-6.3255,11.278,-6.3976,-2.9755,1.2169,11.375,-6.5962,11.342,-6.4934,-3.0607,1.313,-40.739,2.5893,-40.725,2.4155,8.1586,1.5371,-40.764,2.5116,-40.749,2.4537,8.1442,1.5692,-40.789,2.4929,-40.774,2.4917,8.1285,1.4411,-40.814,2.6299,-40.799,2.5297,8.113,1.6332,-40.84,2.568,-40.824,2.5676,8.0965,0.5591,-82.479,-6.7337,-82.515,-6.691,-0.0482,0.6024,-82.411,-6.7469,-82.448,-6.7968,-0.051,0.5252,-82.342,-7.0902,-82.379,-6.9023,-0.0538,0.6147,-82.272,-7.0011,-82.309,-7.0075,-0.0566,0.5128,-82.201,-7.3594,-82.239,-7.1125,-0.0589,-0.8001,39.406,-13.096,39.332,-12.932,-0.3708,-0.8001,39.537,-13.269,39.462,-13.137,-0.3715,-0.7538,39.671,-13.563,39.595,-13.341,-0.3724,-0.8711,39.806,-13.432,39.729,-13.544,-0.3736,-0.8433,39.943,-13.707,39.865,-13.747,-0.3742,0.8619,-28.336,-30.041,-28.496,-29.585,0.0017,0.8711,-28.034,-30.597,-28.198,-30.053,0.0016,0.9298,-27.727,-30.875,-27.895,-30.519,0.0016,0.9113,-27.417,-31.399,-27.588,-30.985,0.0016,0.9484,-27.104,-31.596,-27.276,-31.449,0.0016,0,1
-1.6332,-108.53,21.052,-108.42,20.92,-0.2893,-1.8574,-108.75,21.27,-108.63,21.256,-0.2897,-1.2489,-108.96,21.903,-108.84,21.593,-0.2894,-1.1529,-109.18,22.3,-109.06,21.928,-0.2896,-1.345,-109.41,22.574,-109.28,22.262,-0.2898,1.5852,11.062,-5.9667,11.03,-6.0119,-2.6489,1.5532,11.123,-6.0798,11.091,-6.1086,-2.7295,1.313,11.185,-6.2915,11.152,-6.2052,-2.8091,1.361,11.247,-6.3508,11.215,-6.3015,-2.8919,1.6172,11.311,-6.3255,11.278,-6.3976,-2.9755,1.4571,-40.714,2.3974,-40.701,2.3772,8.1739,1.313,-40.739,2.5893,-40.725,2.4155,8.1586,1.5371,-40.764,2.5116,-40.749,2.4537,8.1442,1.5692,-40.789,2.4929,-40.774,2.4917,8.1285,1.4411,-40.814,2.6299,-40.799,2.5297,8.113,0.6364,-82.545,-6.5527,-82.581,-6.5851,-0.0457,0.5591,-82.479,-6.7337,-82.515,-6.691,-0.0482,0.6024,-82.411,-6.7469,-82.448,-6.7968,-0.051,0.5252,-82.342,-7.0902,-82.379,-6.9023,-0.0538,0.6147,-82.272,-7.0011,-82.309,-7.0075,-0.0566,-0.8557,39.276,-12.695,39.204,-12.728,-0.3698,-0.8001,39.406,-13.096,39.332,-12.932,-0.3708,-0.8001,39.537,-13.269,39.462,-13.137,-0.3715,-0.7538,39.671,-13.563,39.595,-13.341,-0.3724,-0.8711,39.806,-13.432,39.729,-13.544,-0.3736,0.8557,-28.633,-29.499,-28.79,-29.117,0.0016,0.8619,-28.336,-30.041,-28.496,-29.585,0.0017,0.8711,-28.034,-30.597,-28.198,-30.053,0.0016,0.9298,-27.727,-30.875,-27.895,-30.519,0.0016,0.9113,-27.417,-31.399,-27.588,-30.985,0.0016,0,1
-1.393,-108.32,20.848,-108.21,20.583,-0.2889,-1.6332,-108.53,21.052,-108.42,20.92,-0.2893,-1.8574,-108.75,21.27,-108.63,21.256,-0.2897,-1.2489,-108.96,21.903,-108.84,21.593,-0.2894,-1.1529,-109.18,22.3,-109.06,21.928,-0.2896,1.1529,11.001,-6.0519,10.97,-5.915,-2.5697,1.5852,11.062,-5.9667,11.03,-6.0119,-2.6489,1.5532,11.123,-6.0798,11.091,-6.1086,-2.7295,1.313,11.185,-6.2915,11.152,-6.2052,-2.8091,1.361,11.247,-6.3508,11.215,-6.3015,-2.8919,1.6332,-40.691,2.2965,-40.677,2.3389,8.1888,1.4571,-40.714,2.3974,-40.701,2.3772,8.1739,1.313,-40.739,2.5893,-40.725,2.4155,8.1586,1.5371,-40.764,2.5116,-40.749,2.4537,8.1442,1.5692,-40.789,2.4929,-40.774,2.4917,8.1285,0.5869,-82.61,-6.6825,-82.647,-6.479,-0.0433,0.6364,-82.545,-6.5527,-82.581,-6.5851,-0.0457,0.5591,-82.479,-6.7337,-82.515,-6.691,-0.0482,0.6024,-82.411,-6.7469,-82.448,-6.7968,-0.051,0.5252,-82.342,-7.0902,-82.379,-6.9023,-0.0538,-0.7599,39.149,-12.784,39.077,-12.523,-0.3686,-0.8557,39.276,-12.695,39.204,-12.728,-0.3698,-0.8001,39.406,-13.096,39.332,-12.932,-0.3708,-0.8001,39.537,-13.269,39.462,-13.137,-0.3715,-0.7538,39.671,-13.563,39.595,-13.341,-0.3724,0.8711,-28.925,-28.884,-29.078,-28.648,0.0017,0.8557,-28.633,-29.499,-28.79,-29.117,0.0016,0.8619,-28.336,-30.041,-28.496,-29.585,0.0017,0.8711,-28.034,-30.597,-28.198,-30.053,0.0016,0.9298,-27.727,-30.875,-27.895,-30.519,0.0016,0,1
-1.393,-108.12,20.517,-108.01,20.245,-0.2884,-1.393,-108.32,20.848,-108.21,20.583,-0.2889,-1.6332,-108.53,21.052,-108.42,20.92,-0.2893,-1.8574,-108.75,21.27,-108.63,21.256,-0.2897,-1.2489,-108.96,21.903,-108.84,21.593,-0.2894,0.8326,10.941,-6.0915,10.912,-5.8181,-2.4916,1.1529,11.001,-6.0519,10.97,-5.915,-2.5697,1.5852,11.062,-5.9667,11.03,-6.0119,-2.6489,1.5532,11.123,-6.0798,11.091,-6.1086,-2.7295,1.313,11.185,-6.2915,11.152,-6.2052,-2.8091,1.6973,-40.669,2.283,-40.654,2.3006,8.2036,1.6332,-40.691,2.2965,-40.677,2.3389,8.1888,1.4571,-40.714,2.3974,-40.701,2.3772,8.1739,1.313,-40.739,2.5893,-40.725,2.4155,8.1586,1.5371,-40.764,2.5116,-40.749,2.4537,8.1442,0.5684,-82.676,-6.5186,-82.711,-6.3727,-0.0408,0.5869,-82.61,-6.6825,-82.647,-6.479,-0.0433,0.6364,-82.545,-6.5527,-82.581,-6.5851,-0.0457,0.5591,-82.479,-6.7337,-82.515,-6.691,-0.0482,0.6024,-82.411,-6.7469,-82.448,-6.7968,-0.051,-0.6611,39.023,-12.702,38.953,-12.317,-0.3676,-0.7599,39.149,-12.784,39.077,-12.523,-0.3686,-0.8557,39.276,-12.695,39.204,-12.728,-0.3698,-0.8001,39.406,-13.096,39.332,-12.932,-0.3708,-0.8001,39.537,-13.269,39.462,-13.137,-0.3715,0.9113,-29.21,-28.255,-29.363,-28.178,0.0017,0.8711,-28.925,-28.884,-29.078,-28.648,0.0017,0.8557,-28.633,-29.499,-28.79,-29.117,0.0016,0.8619,-28.336,-30.041,-28.496,-29.585,0.0017,0.8711,-28.034,-30.597,-28.198,-30.053,0.0016,0,1
-1.1849,-107.92,20.269,-107.81,19.908,-0.2888,-1.393,-108.12,20.517,-108.01,20.245,-0.2884,-1.393,-108.32,20.848,-108.21,20.583,-0.2889,-1.6332,-108.53,21.052,-108.42,20.92,-0.2893,-1.8574,-108.75,21.27,-108.63,21.256,-0.2897,1.2489,10.883,-5.783,10.854,-5.721,-2.4157,0.8326,10.941,-6.0915,10.912,-5.8181,-2.4916,1.1529,11.001,-6.0519,10.97,-5.915,-2.5697,1.5852,11.062,-5.9667,11.03,-6.0119,-2.6489,1.5532,11.123,-6.0798,11.091,-6.1086,-2.7295,1.5211,-40.645,2.3822,-40.631,2.2622,8.2182,1.6973,-40.669,2.283,-40.654,2.3006,8.2036,1.6332,-40.691,2.2965,-40.677,2.3389,8.1888,1.4571,-40.714,2.3974,-40.701,2.3772,8.1739,1.313,-40.739,2.5893,-40.725,2.4155,8.1586,0.519,-82.74,-6.4156,-82.774,-6.2664,-0.0387,0.5684,-82.676,-6.5186,-82.711,-6.3727,-0.0408,0.5869,-82.61,-6.6825,-82.647,-6.479,-0.0433,0.6364,-82.545,-6.5527,-82.581,-6.5851,-0.0457,0.5591,-82.479,-6.7337,-82.515,-6.691,-0.0482,-0.8248,38.901,-12.211,38.831,-12.112,-0.3671,-0.6611,39.023,-12.702,38.953,-12.317,-0.3676,-0.7599,39.149,-12.784,39.077,-12.523,-0.3686,-0.8557,39.276,-12.695,39.204,-12.728,-0.3698,-0.8001,39.406,-13.096,39.332,-12.932,-0.3708,0.9515,-29.49,-27.703,-29.642,-27.708,0.0016,0.9113,-29.21,-28.255,-29.363,-28.178,0.0017,0.8711,-28.925,-28.884,-29.078,-28.648,0.0017,0.8557,-28.633,-29.499,-28.79,-29.117,0.0016,0.8619,-28.336,-30.041,-28.496,-29.585,0.0017,0,1
-1.329,-107.72,19.854,-107.61,19.57,-0.2883,-1.1849,-107.92,20.269,-107.81,19.908,-0.2888,-1.393,-108.12,20.517,-108.01,20.245,-0.2884,-1.393,-108.32,20.848,-108.21,20.583,-0.2889,-1.6332,-108.53,21.052,-108.42,20.92,-0.2893,1.1689,10.825,-5.7038,10.797,-5.6238,-2.342,1.2489,10.883,-5.783,10.854,-5.721,-2.4157,0.8326,10.941,-6.0915,10.912,-5.8181,-2.4916,1.1529,11.001,-6.0519,10.97,-5.915,-2.5697,1.5852,11.062,-5.9667,11.03,-6.0119,-2.6489,1.4891,-40.622,2.3297,-40.609,2.2238,8.2318,1.5211,-40.645,2.3822,-40.631,2.2622,8.2182,1.6973,-40.669,2.283,-40.654,2.3006,8.2036,1.6332,-40.691,2.2965,-40.677,2.3389,8.1888,1.4571,-40.714,2.3974,-40.701,2.3772,8.1739,0.6302,-82.802,-6.154,-82.836,-6.16,-0.0362,0.519,-82.74,-6.4156,-82.774,-6.2664,-0.0387,0.5684,-82.676,-6.5186,-82.711,-6.3727,-0.0408,0.5869,-82.61,-6.6825,-82.647,-6.479,-0.0433,0.6364,-82.545,-6.5527,-82.581,-6.5851,-0.0457,-0.7599,38.779,-12.144,38.711,-11.906,-0.3662,-0.8248,38.901,-12.211,38.831,-12.112,-0.3671,-0.6611,39.023,-12.702,38.953,-12.317,-0.3676,-0.7599,39.149,-12.784,39.077,-12.523,-0.3686,-0.8557,39.276,-12.695,39.204,-12.728,-0.3698,0.9545,-29.766,-27.272,-29.917,-27.237,0.0017,0.9515,-29.49,-27.703,-29.642,-27.708,0.0016,0.9113,-29.21,-28.255,-29.363,-28.178,0.0017,0.8711,-28.925,-28.884,-29.078,-28.648,0.0017,0.8557,-28.633,-29.499,-28.79,-29.117,0.0016,0,1
-0.6885,-107.52,19.786,-107.41,19.231,-0.2878,-1.329,-107.72,19.854,-107.61,19.57,-0.2883,-1.1849,-107.92,20.269,-107.81,19.908,-0.2888,-1.393,-108.12,20.517,-108.01,20.245,-0.2884,-1.393,-108.32,20.848,-108.21,20.583,-0.2889,1.0888,10.769,-5.6513,10.741,-5.5266,-2.2697,1.1689,10.825,-5.7038,10.797,-5.6238,-2.342,1.2489,10.883,-5.783,10.854,-5.721,-2.4157,0.8326,10.941,-6.0915,10.912,-5.8181,-2.4916,1.1529,11.001,-6.0519,10.97,-5.915,-2.5697,1.6012,-40.6,2.1787,-40.587,2.1854,8.2453,1.4891,-40.622,2.3297,-40.609,2.2238,8.2318,1.5211,-40.645,2.3822,-40.631,2.2622,8.2182,1.6973,-40.669,2.283,-40.654,2.3006,8.2036,1.6332,-40.691,2.2965,-40.677,2.3389,8.1888,0.5159,-82.864,-6.2836,-82.897,-6.0536,-0.034,0.6302,-82.802,-6.154,-82.836,-6.16,-0.0362,0.519,-82.74,-6.4156,-82.774,-6.2664,-0.0387,0.5684,-82.676,-6.5186,-82.711,-6.3727,-0.0408,0.5869,-82.61,-6.6825,-82.647,-6.479,-0.0433,-0.7507,38.659,-11.844,38.593,-11.7,-0.3653,-0.7599,38.779,-12.144,38.711,-11.906,-0.3662,-0.8248,38.901,-12.211,38.831,-12.112,-0.3671,-0.6611,39.023,-12.702,38.953,-12.317,-0.3676,-0.7599,39.149,-12.784,39.077,-12.523,-0.3686,0.8959,-30.038,-27.111,-30.187,-26.767,0.0017,0.9545,-29.766,-27.272,-29.917,-27.237,0.0017,0.9515,-29.49,-27.703,-29.642,-27.708,0.0016,0.9113,-29.21,-28.255,-29.363,-28.178,0.0017,0.8711,-28.925,-28.884,-29.078,-28.648,0.0017,0,1
-1.5051,-107.33,19.059,-107.22,18.893,-0.2873,-0.6885,-107.52,19.786,-107.41,19.231,-0.2878,-1.329,-107.72,19.854,-107.61,19.57,-0.2883,-1.1849,-107.92,20.269,-107.81,19.908,-0.2888,-1.393,-108.12,20.517,-108.01,20.245,-0.2884,1.1529,10.714,-5.5088,10.687,-5.4295,-2.2,1.0888,10.769,-5.6513,10.741,-5.5266,-2.2697,1.1689,10.825,-5.7038,10.797,-5.6238,-2.342,1.2489,10.883,-5.783,10.854,-5.721,-2.4157,0.8326,10.941,-6.0915,10.912,-5.8181,-2.4916,1.6172,-40.578,2.1409,-40.565,2.1469,8.258,1.6012,-40.6,2.1787,-40.587,2.1854,8.2453,1.4891,-40.622,2.3297,-40.609,2.2238,8.2318,1.5211,-40.645,2.3822,-40.631,2.2622,8.2182,1.6973,-40.669,2.283,-40.654,2.3006,8.2036,0.6055,-82.924,-5.9822,-82.957,-5.9471,-0.0312,0.5159,-82.864,-6.2836,-82.897,-6.0536,-0.034,0.6302,-82.802,-6.154,-82.836,-6.16,-0.0362,0.519,-82.74,-6.4156,-82.774,-6.2664,-0.0387,0.5684,-82.676,-6.5186,-82.711,-6.3727,-0.0408,-0.7229,38.542,-11.693,38.477,-11.495,-0.3646,-0.7507,38.659,-11.844,38.593,-11.7,-0.3653,-0.7599,38.779,-12.144,38.711,-11.906,-0.3662,-0.8248,38.901,-12.211,38.831,-12.112,-0.3671,-0.6611,39.023,-12.702,38.953,-12.317,-0.3676,0.8433,-30.308,-26.77,-30.452,-26.296,0.0017,0.8959,-30.038,-27.111,-30.187,-26.767,0.0017,0.9545,-29.766,-27.272,-29.917,-27.237,0.0017,0.9515,-29.49,-27.703,-29.642,-27.708,0.0016,0.9113,-29.21,-28.255,-29.363,-28.178,0.0017,0,1
-1.4731,-107.14,18.749,-107.04,18.555,-0.287,-1.5051,-107.33,19.059,-107.22,18.893,-0.2873,-0.6885,-107.52,19.786,-107.41,19.231,-0.2878,-1.329,-107.72,19.854,-107.61,19.57,-0.2883,-1.1849,-107.92,20.269,-107.81,19.908,-0.2888,1.313,10.66,-5.3244,10.633,-5.3323,-2.1308,1.1529,10.714,-5.5088,10.687,-5.4295,-2.2,1.0888,10.769,-5.6513,10.741,-5.5266,-2.2697,1.1689,10.825,-5.7038,10.797,-5.6238,-2.342,1.2489,10.883,-5.783,10.854,-5.721,-2.4157,1.5852,-40.557,2.1371,-40.544,2.1085,8.271,1.6172,-40.578,2.1409,-40.565,2.1469,8.258,1.6012,-40.6,2.1787,-40.587,2.1854,8.2453,1.4891,-40.622,2.3297,-40.609,2.2238,8.2318,1.5211,-40.645,2.3822,-40.631,2.2622,8.2182,0.6117,-82.984,-5.8695,-83.016,-5.8407,-0.029,0.6055,-82.924,-5.9822,-82.957,-5.9471,-0.0312,0.5159,-82.864,-6.2836,-82.897,-6.0536,-0.034,0.6302,-82.802,-6.154,-82.836,-6.16,-0.0362,0.519,-82.74,-6.4156,-82.774,-6.2664,-0.0387,-0.692,38.427,-11.587,38.363,-11.289,-0.3639,-0.7229,38.542,-11.693,38.477,-11.495,-0.3646,-0.7507,38.659,-11.844,38.593,-11.7,-0.3653,-0.7599,38.779,-12.144,38.711,-11.906,-0.3662,-0.8248,38.901,-12.211,38.831,-12.112,-0.3671,0.7816,-30.573,-26.421,-30.713,-25.825,0.0017,0.8433,-30.308,-26.77,-30.452,-26.296,0.0017,0.8959,-30.038,-27.111,-30.187,-26.767,0.0017,0.9545,-29.766,-27.272,-29.917,-27.237,0.0017,0.9515,-29.49,-27.703,-29.642,-27.708,0.0016,0,1
-1.329,-106.95,18.5,-106.85,18.217,-0.2862,-1.4731,-107.14,18.749,-107.04,18.555,-0.287,-1.5051,-107.33,19.059,-107.22,18.893,-0.2873,-0.6885,-107.52,19.786,-107.41,19.231,-0.2878,-1.329,-107.72,19.854,-107.61,19.57,-0.2883,1.0248,10.606,-5.3674,10.58,-5.2352,-2.0635,1.313,10.66,-5.3244,10.633,-5.3323,-2.1308,1.1529,10.714,-5.5088,10.687,-5.4295,-2.2,1.0888,10.769,-5.6513,10.741,-5.5266,-2.2697,1.1689,10.825,-5.7038,10.797,-5.6238,-2.342,1.4091,-40.535,2.1691,-40.523,2.0701,8.2832,1.5852,-40.557,2.1371,-40.544,2.1085,8.271,1.6172,-40.578,2.1409,-40.565,2.1469,8.258,1.6012,-40.6,2.1787,-40.587,2.1854,8.2453,1.4891,-40.622,2.3297,-40.609,2.2238,8.2318,0.6611,-83.041,-5.7459,-83.074,-5.7344,-0.0268,0.6117,-82.984,-5.8695,-83.016,-5.8407,-0.029,0.6055,-82.924,-5.9822,-82.957,-5.9471,-0.0312,0.5159,-82.864,-6.2836,-82.897,-6.0536,-0.034,0.6302,-82.802,-6.154,-82.836,-6.16,-0.0362,-0.7229,38.313,-11.211,38.251,-11.083,-0.363,-0.692,38.427,-11.587,38.363,-11.289,-0.3639,-0.7229,38.542,-11.693,38.477,-11.495,-0.3646,-0.7507,38.659,-11.844,38.593,-11.7,-0.3653,-0.7599,38.779,-12.144,38.711,-11.906,-0.3662,0.8063,-30.833,-25.737,-30.969,-25.355,0.0017,0.7816,-30.573,-26.421,-30.713,-25.825,0.0017,0.8433,-30.308,-26.77,-30.452,-26.296,0.0017,0.8959,-30.038,-27.111,-30.187,-26.767,0.0017,0.9545,-29.766,-27.272,-29.917,-27.237,0.0017,0,1
-1.4731,-106.77,18.117,-106.67,17.88,-0.2857,-1.329,-106.95,18.5,-106.85,18.217,-0.2862,-1.4731,-107.14,18.749,-107.04,18.555,-0.287,-1.5051,-107.33,19.059,-107.22,18.893,-0.2873,-0.6885,-107.52,19.786,-107.41,19.231,-0.2878,1.2169,10.555,-5.1832,10.528,-5.1382,-1.9988,1.0248,10.606,-5.3674,10.58,-5.2352,-2.0635,1.313,10.66,-5.3244,10.633,-5.3323,-2.1308,1.1529,10.714,-5.5088,10.687,-5.4295,-2.2,1.0888,10.769,-5.6513,10.741,-5.5266,-2.2697,1.4091,-40.514,2.0934,-40.502,2.0318,8.295,1.4091,-40.535,2.1691,-40.523,2.0701,8.2832,1.5852,-40.557,2.1371,-40.544,2.1085,8.271,1.6172,-40.578,2.1409,-40.565,2.1469,8.258,1.6012,-40.6,2.1787,-40.587,2.1854,8.2453,0.5838,-83.099,-5.7711,-83.131,-5.6281,-0.0245,0.6611,-83.041,-5.7459,-83.074,-5.7344,-0.0268,0.6117,-82.984,-5.8695,-83.016,-5.8407,-0.029,0.6055,-82.924,-5.9822,-82.957,-5.9471,-0.0312,0.5159,-82.864,-6.2836,-82.897,-6.0536,-0.034,-0.7352,38.202,-10.929,38.141,-10.878,-0.3623,-0.7229,38.313,-11.211,38.251,-11.083,-0.363,-0.692,38.427,-11.587,38.363,-11.289,-0.3639,-0.7229,38.542,-11.693,38.477,-11.495,-0.3646,-0.7507,38.659,-11.844,38.593,-11.7,-0.3653,0.7692,-31.087,-25.387,-31.22,-24.885,0.0017,0.8063,-30.833,-25.737,-30.969,-25.355,0.0017,0.7816,-30.573,-26.421,-30.713,-25.825,0.0017,0.8433,-30.308,-26.77,-30.452,-26.296,0.0017,0.8959,-30.038,-27.111,-30.187,-26.767,0.0017,0,1
-1.313,-106.66,17.976,-106.57,17.677,-0.2852,-1.4731,-106.77,18.117,-106.67,17.88,-0.2857,-1.329,-106.95,18.5,-106.85,18.217,-0.2862,-1.4731,-107.14,18.749,-107.04,18.555,-0.287,-1.5051,-107.33,19.059,-107.22,18.893,-0.2873,1.1208,10.523,-5.1638,10.498,-5.0801,-1.9594,1.2169,10.555,-5.1832,10.528,-5.1382,-1.9988,1.0248,10.606,-5.3674,10.58,-5.2352,-2.0635,1.313,10.66,-5.3244,10.633,-5.3323,-2.1308,1.1529,10.714,-5.5088,10.687,-5.4295,-2.2,1.4891,-40.502,2.0302,-40.49,2.0088,8.3023,1.4091,-40.514,2.0934,-40.502,2.0318,8.295,1.4091,-40.535,2.1691,-40.523,2.0701,8.2832,1.5852,-40.557,2.1371,-40.544,2.1085,8.271,1.6172,-40.578,2.1409,-40.565,2.1469,8.258,0.5375,-83.134,-5.756,-83.165,-5.5644,-0.0232,0.5838,-83.099,-5.7711,-83.131,-5.6281,-0.0245,0.6611,-83.041,-5.7459,-83.074,-5.7344,-0.0268,0.6117,-82.984,-5.8695,-83.016,-5.8407,-0.029,0.6055,-82.924,-5.9822,-82.957,-5.9471,-0.0312,-0.6456,38.136,-11.015,38.076,-10.755,-0.3618,-0.7352,38.202,-10.929,38.141,-10.878,-0.3623,-0.7229,38.313,-11.211,38.251,-11.083,-0.363,-0.692,38.427,-11.587,38.363,-11.289,-0.3639,-0.7229,38.542,-11.693,38.477,-11.495,-0.3646,0.8526,-31.236,-24.726,-31.368,-24.604,0.0017,0.7692,-31.087,-25.387,-31.22,-24.885,0.0017,0.8063,-30.833,-25.737,-30.969,-25.355,0.0017,0.7816,-30.573,-26.421,-30.713,-25.825,0.0017,0.8433,-30.308,-26.77,-30.452,-26.296,0.0017,0,1
-1.329,-106.59,17.832,-106.5,17.543,-0.2849,-1.313,-106.66,17.976,-106.57,17.677,-0.2852,-1.4731,-106.77,18.117,-106.67,17.88,-0.2857,-1.329,-106.95,18.5,-106.85,18.217,-0.2862,-1.4731,-107.14,18.749,-107.04,18.555,-0.287,1.2649,10.503,-5.0583,10.477,-5.0413,-1.9333,1.1208,10.523,-5.1638,10.498,-5.0801,-1.9594,1.2169,10.555,-5.1832,10.528,-5.1382,-1.9988,1.0248,10.606,-5.3674,10.58,-5.2352,-2.0635,1.313,10.66,-5.3244,10.633,-5.3323,-2.1308,1.6652,-40.494,1.9311,-40.482,1.9935,8.3074,1.4891,-40.502,2.0302,-40.49,2.0088,8.3023,1.4091,-40.514,2.0934,-40.502,2.0318,8.295,1.4091,-40.535,2.1691,-40.523,2.0701,8.2832,1.5852,-40.557,2.1371,-40.544,2.1085,8.271,0.5282,-83.157,-5.6869,-83.187,-5.522,-0.0224,0.5375,-83.134,-5.756,-83.165,-5.5644,-0.0232,0.5838,-83.099,-5.7711,-83.131,-5.6281,-0.0245,0.6611,-83.041,-5.7459,-83.074,-5.7344,-0.0268,0.6117,-82.984,-5.8695,-83.016,-5.8407,-0.029,-0.7785,38.093,-10.592,38.033,-10.673,-0.3616,-0.6456,38.136,-11.015,38.076,-10.755,-0.3618,-0.7352,38.202,-10.929,38.141,-10.878,-0.3623,-0.7229,38.313,-11.211,38.251,-11.083,-0.363,-0.692,38.427,-11.587,38.363,-11.289,-0.3639,0.7754,-31.335,-24.878,-31.466,-24.416,0.0017,0.8526,-31.236,-24.726,-31.368,-24.604,0.0017,0.7692,-31.087,-25.387,-31.22,-24.885,0.0017,0.8063,-30.833,-25.737,-30.969,-25.355,0.0017,0.7816,-30.573,-26.421,-30.713,-25.825,0.0017,0,1
-1.1689,-106.42,17.554,-106.32,17.206,-0.2838,-1.329,-106.59,17.832,-106.5,17.543,-0.2849,-1.313,-106.66,17.976,-106.57,17.677,-0.2852,-1.4731,-106.77,18.117,-106.67,17.88,-0.2857,-1.329,-106.95,18.5,-106.85,18.217,-0.2862,0.9927,10.452,-5.0744,10.427,-4.9446,-1.8696,1.2649,10.503,-5.0583,10.477,-5.0413,-1.9333,1.1208,10.523,-5.1638,10.498,-5.0801,-1.9594,1.2169,10.555,-5.1832,10.528,-5.1382,-1.9988,1.0248,10.606,-5.3674,10.58,-5.2352,-2.0635,1.7133,-40.474,1.8778,-40.462,1.9552,8.3192,1.6652,-40.494,1.9311,-40.482,1.9935,8.3074,1.4891,-40.502,2.0302,-40.49,2.0088,8.3023,1.4091,-40.514,2.0934,-40.502,2.0318,8.295,1.4091,-40.535,2.1691,-40.523,2.0701,8.2832,0.5499,-83.212,-5.4829,-83.241,-5.416,-0.0202,0.5282,-83.157,-5.6869,-83.187,-5.522,-0.0224,0.5375,-83.134,-5.756,-83.165,-5.5644,-0.0232,0.5838,-83.099,-5.7711,-83.131,-5.6281,-0.0245,0.6611,-83.041,-5.7459,-83.074,-5.7344,-0.0268,-0.7259,37.986,-10.46,37.928,-10.468,-0.3607,-0.7785,38.093,-10.592,38.033,-10.673,-0.3616,-0.6456,38.136,-11.015,38.076,-10.755,-0.3618,-0.7352,38.202,-10.929,38.141,-10.878,-0.3623,-0.7229,38.313,-11.211,38.251,-11.083,-0.363,0.8341,-31.579,-24.16,-31.708,-23.948,0.0017,0.7754,-31.335,-24.878,-31.466,-24.416,0.0017,0.8526,-31.236,-24.726,-31.368,-24.604,0.0017,0.7692,-31.087,-25.387,-31.22,-24.885,0.0017,0.8063,-30.833,-25.737,-30.969,-25.355,0.0017,0,1
-1.6012,-106.24,16.998,-106.15,16.87,-0.2834,-1.1689,-106.42,17.554,-106.32,17.206,-0.2838,-1.329,-106.59,17.832,-106.5,17.543,-0.2849,-1.313,-106.66,17.976,-106.57,17.677,-0.2852,-1.4731,-106.77,18.117,-106.67,17.88,-0.2857,1.2329,10.402,-4.8416,10.378,-4.848,-1.8092,0.9927,10.452,-5.0744,10.427,-4.9446,-1.8696,1.2649,10.503,-5.0583,10.477,-5.0413,-1.9333,1.1208,10.523,-5.1638,10.498,-5.0801,-1.9594,1.2169,10.555,-5.1832,10.528,-5.1382,-1.9988,1.4571,-40.455,2.013,-40.443,1.917,8.3302,1.7133,-40.474,1.8778,-40.462,1.9552,8.3192,1.6652,-40.494,1.9311,-40.482,1.9935,8.3074,1.4891,-40.502,2.0302,-40.49,2.0088,8.3023,1.4091,-40.514,2.0934,-40.502,2.0318,8.295,0.6364,-83.265,-5.2418,-83.295,-5.3103,-0.0181,0.5499,-83.212,-5.4829,-83.241,-5.416,-0.0202,0.5282,-83.157,-5.6869,-83.187,-5.522,-0.0224,0.5375,-83.134,-5.756,-83.165,-5.5644,-0.0232,0.5838,-83.099,-5.7711,-83.131,-5.6281,-0.0245,-0.624,37.882,-10.573,37.824,-10.264,-0.3602,-0.7259,37.986,-10.46,37.928,-10.468,-0.3607,-0.7785,38.093,-10.592,38.033,-10.673,-0.3616,-0.6456,38.136,-11.015,38.076,-10.755,-0.3618,-0.7352,38.202,-10.929,38.141,-10.878,-0.3623,0.8186,-31.817,-23.886,-31.945,-23.48,0.0017,0.8341,-31.579,-24.16,-31.708,-23.948,0.0017,0.7754,-31.335,-24.878,-31.466,-24.416,0.0017,0.8526,-31.236,-24.726,-31.368,-24.604,0.0017,0.7692,-31.087,-25.387,-31.22,-24.885,0.0017,0,1
-1.4411,-106.07,16.705,-105.98,16.535,-0.2823,-1.6012,-106.24,16.998,-106.15,16.87,-0.2834,-1.1689,-106.42,17.554,-106.32,17.206,-0.2838,-1.329,-106.59,17.832,-106.5,17.543,-0.2849,-1.313,-106.66,17.976,-106.57,17.677,-0.2852,0.9287,10.354,-4.8814,10.33,-4.7517,-1.7495,1.2329,10.402,-4.8416,10.378,-4.848,-1.8092,0.9927,10.452,-5.0744,10.427,-4.9446,-1.8696,1.2649,10.503,-5.0583,10.477,-5.0413,-1.9333,1.1208,10.523,-5.1638,10.498,-5.0801,-1.9594,1.393,-40.435,1.9761,-40.424,1.8789,8.3407,1.4571,-40.455,2.013,-40.443,1.917,8.3302,1.7133,-40.474,1.8778,-40.462,1.9552,8.3192,1.6652,-40.494,1.9311,-40.482,1.9935,8.3074,1.4891,-40.502,2.0302,-40.49,2.0088,8.3023,0.658,-83.317,-5.281,-83.348,-5.2047,-0.016,0.6364,-83.265,-5.2418,-83.295,-5.3103,-0.0181,0.5499,-83.212,-5.4829,-83.241,-5.416,-0.0202,0.5282,-83.157,-5.6869,-83.187,-5.522,-0.0224,0.5375,-83.134,-5.756,-83.165,-5.5644,-0.0232,-0.6796,37.779,-10.244,37.723,-10.06,-0.3593,-0.624,37.882,-10.573,37.824,-10.264,-0.3602,-0.7259,37.986,-10.46,37.928,-10.468,-0.3607,-0.7785,38.093,-10.592,38.033,-10.673,-0.3616,-0.6456,38.136,-11.015,38.076,-10.755,-0.3618,0.8711,-32.051,-23.156,-32.178,-23.013,0.0017,0.8186,-31.817,-23.886,-31.945,-23.48,0.0017,0.8341,-31.579,-24.16,-31.708,-23.948,0.0017,0.7754,-31.335,-24.878,-31.466,-24.416,0.0017,0.8526,-31.236,-24.726,-31.368,-24.604,0.0017,0,1
-1.4731,-105.91,16.34,-105.82,16.2,-0.2815,-1.4411,-106.07,16.705,-105.98,16.535,-0.2823,-1.6012,-106.24,16.998,-106.15,16.87,-0.2834,-1.1689,-106.42,17.554,-106.32,17.206,-0.2838,-1.329,-106.59,17.832,-106.5,17.543,-0.2849,1.2169,10.306,-4.6459,10.283,-4.6556,-1.692,0.9287,10.354,-4.8814,10.33,-4.7517,-1.7495,1.2329,10.402,-4.8416,10.378,-4.848,-1.8092,0.9927,10.452,-5.0744,10.427,-4.9446,-1.8696,1.2649,10.503,-5.0583,10.477,-5.0413,-1.9333,1.4411,-40.415,1.8438,-40.406,1.8409,8.3511,1.393,-40.435,1.9761,-40.424,1.8789,8.3407,1.4571,-40.455,2.013,-40.443,1.917,8.3302,1.7133,-40.474,1.8778,-40.462,1.9552,8.3192,1.6652,-40.494,1.9311,-40.482,1.9935,8.3074,0.5684,-83.37,-5.2607,-83.399,-5.0995,-0.0139,0.658,-83.317,-5.281,-83.348,-5.2047,-0.016,0.6364,-83.265,-5.2418,-83.295,-5.3103,-0.0181,0.5499,-83.212,-5.4829,-83.241,-5.416,-0.0202,0.5282,-83.157,-5.6869,-83.187,-5.522,-0.0224,-0.7754,37.679,-9.8668,37.623,-9.8562,-0.3588,-0.6796,37.779,-10.244,37.723,-10.06,-0.3593,-0.624,37.882,-10.573,37.824,-10.264,-0.3602,-0.7259,37.986,-10.46,37.928,-10.468,-0.3607,-0.7785,38.093,-10.592,38.033,-10.673,-0.3616,0.8032,-32.282,-22.972,-32.406,-22.548,0.0017,0.8711,-32.051,-23.156,-32.178,-23.013,0.0017,0.8186,-31.817,-23.886,-31.945,-23.48,0.0017,0.8341,-31.579,-24.16,-31.708,-23.948,0.0017,0.7754,-31.335,-24.878,-31.466,-24.416,0.0017,0,1
-1.6652,-105.75,15.907,-105.66,15.867,-0.2802,-1.4731,-105.91,16.34,-105.82,16.2,-0.2815,-1.4411,-106.07,16.705,-105.98,16.535,-0.2823,-1.6012,-106.24,16.998,-106.15,16.87,-0.2834,-1.1689,-106.42,17.554,-106.32,17.206,-0.2838,0.9607,10.259,-4.6459,10.237,-4.5597,-1.6342,1.2169,10.306,-4.6459,10.283,-4.6556,-1.692,0.9287,10.354,-4.8814,10.33,-4.7517,-1.7495,1.2329,10.402,-4.8416,10.378,-4.848,-1.8092,0.9927,10.452,-5.0744,10.427,-4.9446,-1.8696,1.5371,-40.398,1.7846,-40.387,1.803,8.3617,1.4411,-40.415,1.8438,-40.406,1.8409,8.3511,1.393,-40.435,1.9761,-40.424,1.8789,8.3407,1.4571,-40.455,2.013,-40.443,1.917,8.3302,1.7133,-40.474,1.8778,-40.462,1.9552,8.3192,0.6425,-83.421,-5.0068,-83.45,-4.9945,-0.0118,0.5684,-83.37,-5.2607,-83.399,-5.0995,-0.0139,0.658,-83.317,-5.281,-83.348,-5.2047,-0.016,0.6364,-83.265,-5.2418,-83.295,-5.3103,-0.0181,0.5499,-83.212,-5.4829,-83.241,-5.416,-0.0202,-0.7538,37.58,-9.6414,37.525,-9.6533,-0.358,-0.7754,37.679,-9.8668,37.623,-9.8562,-0.3588,-0.6796,37.779,-10.244,37.723,-10.06,-0.3593,-0.624,37.882,-10.573,37.824,-10.264,-0.3602,-0.7259,37.986,-10.46,37.928,-10.468,-0.3607,0.7599,-32.51,-22.569,-32.629,-22.084,0.0017,0.8032,-32.282,-22.972,-32.406,-22.548,0.0017,0.8711,-32.051,-23.156,-32.178,-23.013,0.0017,0.8186,-31.817,-23.886,-31.945,-23.48,0.0017,0.8341,-31.579,-24.16,-31.708,-23.948,0.0017,0,1
-1.4091,-105.59,15.707,-105.5,15.534,-0.2788,-1.6652,-105.75,15.907,-105.66,15.867,-0.2802,-1.4731,-105.91,16.34,-105.82,16.2,-0.2815,-1.4411,-106.07,16.705,-105.98,16.535,-0.2823,-1.6012,-106.24,16.998,-106.15,16.87,-0.2834,0.7205,10.213,-4.6539,10.192,-4.4642,-1.5782,0.9607,10.259,-4.6459,10.237,-4.5597,-1.6342,1.2169,10.306,-4.6459,10.283,-4.6556,-1.692,0.9287,10.354,-4.8814,10.33,-4.7517,-1.7495,1.2329,10.402,-4.8416,10.378,-4.848,-1.8092,1.7613,-40.38,1.661,-40.37,1.7652,8.3722,1.5371,-40.398,1.7846,-40.387,1.803,8.3617,1.4411,-40.415,1.8438,-40.406,1.8409,8.3511,1.393,-40.435,1.9761,-40.424,1.8789,8.3407,1.4571,-40.455,2.013,-40.443,1.917,8.3302,0.5591,-83.472,-5.0311,-83.499,-4.8898,-0.0099,0.6425,-83.421,-5.0068,-83.45,-4.9945,-0.0118,0.5684,-83.37,-5.2607,-83.399,-5.0995,-0.0139,0.658,-83.317,-5.281,-83.348,-5.2047,-0.016,0.6364,-83.265,-5.2418,-83.295,-5.3103,-0.0181,-0.7136,37.483,-9.5425,37.43,-9.451,-0.3572,-0.7538,37.58,-9.6414,37.525,-9.6533,-0.358,-0.7754,37.679,-9.8668,37.623,-9.8562,-0.3588,-0.6796,37.779,-10.244,37.723,-10.06,-0.3593,-0.624,37.882,-10.573,37.824,-10.264,-0.3602,0.7507,-32.732,-22.018,-32.847,-21.621,0.0018,0.7599,-32.51,-22.569,-32.629,-22.084,0.0017,0.8032,-32.282,-22.972,-32.406,-22.548,0.0017,0.8711,-32.051,-23.156,-32.178,-23.013,0.0017,0.8186,-31.817,-23.886,-31.945,-23.48,0.0017,0,1
-1.7773,-105.43,15.22,-105.35,15.203,-0.2781,-1.4091,-105.59,15.707,-105.5,15.534,-0.2788,-1.6652,-105.75,15.907,-105.66,15.867,-0.2802,-1.4731,-105.91,16.34,-105.82,16.2,-0.2815,-1.4411,-106.07,16.705,-105.98,16.535,-0.2823,0.9927,10.168,-4.4002,10.148,-4.369,-1.5246,0.7205,10.213,-4.6539,10.192,-4.4642,-1.5782,0.9607,10.259,-4.6459,10.237,-4.5597,-1.6342,1.2169,10.306,-4.6459,10.283,-4.6556,-1.692,0.9287,10.354,-4.8814,10.33,-4.7517,-1.7495,1.5852,-40.363,1.7951,-40.352,1.7276,8.3821,1.7613,-40.38,1.661,-40.37,1.7652,8.3722,1.5371,-40.398,1.7846,-40.387,1.803,8.3617,1.4411,-40.415,1.8438,-40.406,1.8409,8.3511,1.393,-40.435,1.9761,-40.424,1.8789,8.3407,0.7105,-83.52,-4.5962,-83.547,-4.7855,-0.0081,0.5591,-83.472,-5.0311,-83.499,-4.8898,-0.0099,0.6425,-83.421,-5.0068,-83.45,-4.9945,-0.0118,0.5684,-83.37,-5.2607,-83.399,-5.0995,-0.0139,0.658,-83.317,-5.281,-83.348,-5.2047,-0.016,-0.6271,37.389,-9.5646,37.336,-9.2495,-0.3568,-0.7136,37.483,-9.5425,37.43,-9.451,-0.3572,-0.7538,37.58,-9.6414,37.525,-9.6533,-0.358,-0.7754,37.679,-9.8668,37.623,-9.8562,-0.3588,-0.6796,37.779,-10.244,37.723,-10.06,-0.3593,0.7198,-32.95,-21.598,-33.061,-21.16,0.0017,0.7507,-32.732,-22.018,-32.847,-21.621,0.0018,0.7599,-32.51,-22.569,-32.629,-22.084,0.0017,0.8032,-32.282,-22.972,-32.406,-22.548,0.0017,0.8711,-32.051,-23.156,-32.178,-23.013,0.0017,0,1
-1.281,-105.28,15.136,-105.2,14.873,-0.2769,-1.7773,-105.43,15.22,-105.35,15.203,-0.2781,-1.4091,-105.59,15.707,-105.5,15.534,-0.2788,-1.6652,-105.75,15.907,-105.66,15.867,-0.2802,-1.4731,-105.91,16.34,-105.82,16.2,-0.2815,0.9927,10.125,-4.3121,10.105,-4.2741,-1.473,0.9927,10.168,-4.4002,10.148,-4.369,-1.5246,0.7205,10.213,-4.6539,10.192,-4.4642,-1.5782,0.9607,10.259,-4.6459,10.237,-4.5597,-1.6342,1.2169,10.306,-4.6459,10.283,-4.6556,-1.692,1.5692,-40.345,1.7191,-40.335,1.6901,8.3913,1.5852,-40.363,1.7951,-40.352,1.7276,8.3821,1.7613,-40.38,1.661,-40.37,1.7652,8.3722,1.5371,-40.398,1.7846,-40.387,1.803,8.3617,1.4411,-40.415,1.8438,-40.406,1.8409,8.3511,0.6271,-83.567,-4.8114,-83.595,-4.6816,-0.0065,0.7105,-83.52,-4.5962,-83.547,-4.7855,-0.0081,0.5591,-83.472,-5.0311,-83.499,-4.8898,-0.0099,0.6425,-83.421,-5.0068,-83.45,-4.9945,-0.0118,0.5684,-83.37,-5.2607,-83.399,-5.0995,-0.0139,-0.6796,37.297,-9.2858,37.245,-9.0486,-0.3561,-0.6271,37.389,-9.5646,37.336,-9.2495,-0.3568,-0.7136,37.483,-9.5425,37.43,-9.451,-0.3572,-0.7538,37.58,-9.6414,37.525,-9.6533,-0.358,-0.7754,37.679,-9.8668,37.623,-9.8562,-0.3588,0.7507,-33.161,-20.958,-33.27,-20.7,0.0017,0.7198,-32.95,-21.598,-33.061,-21.16,0.0017,0.7507,-32.732,-22.018,-32.847,-21.621,0.0018,0.7599,-32.51,-22.569,-32.629,-22.084,0.0017,0.8032,-32.282,-22.972,-32.406,-22.548,0.0017,0,1
-1.2009,-105.13,14.844,-105.05,14.544,-0.2757,-1.281,-105.28,15.136,-105.2,14.873,-0.2769,-1.7773,-105.43,15.22,-105.35,15.203,-0.2781,-1.4091,-105.59,15.707,-105.5,15.534,-0.2788,-1.6652,-105.75,15.907,-105.66,15.867,-0.2802,1.0088,10.082,-4.2206,10.062,-4.1797,-1.4232,0.9927,10.125,-4.3121,10.105,-4.2741,-1.473,0.9927,10.168,-4.4002,10.148,-4.369,-1.5246,0.7205,10.213,-4.6539,10.192,-4.4642,-1.5782,0.9607,10.259,-4.6459,10.237,-4.5597,-1.6342,1.4411,-40.328,1.7556,-40.318,1.6527,8.4001,1.5692,-40.345,1.7191,-40.335,1.6901,8.3913,1.5852,-40.363,1.7951,-40.352,1.7276,8.3821,1.7613,-40.38,1.661,-40.37,1.7652,8.3722,1.5371,-40.398,1.7846,-40.387,1.803,8.3617,0.6024,-83.615,-4.7275,-83.641,-4.5781,-0.0047,0.6271,-83.567,-4.8114,-83.595,-4.6816,-0.0065,0.7105,-83.52,-4.5962,-83.547,-4.7855,-0.0081,0.5591,-83.472,-5.0311,-83.499,-4.8898,-0.0099,0.6425,-83.421,-5.0068,-83.45,-4.9945,-0.0118,-0.7754,37.207,-8.8723,37.155,-8.8486,-0.3555,-0.6796,37.297,-9.2858,37.245,-9.0486,-0.3561,-0.6271,37.389,-9.5646,37.336,-9.2495,-0.3568,-0.7136,37.483,-9.5425,37.43,-9.451,-0.3572,-0.7538,37.58,-9.6414,37.525,-9.6533,-0.358,0.7383,-33.369,-20.496,-33.475,-20.243,0.0017,0.7507,-33.161,-20.958,-33.27,-20.7,0.0017,0.7198,-32.95,-21.598,-33.061,-21.16,0.0017,0.7507,-32.732,-22.018,-32.847,-21.621,0.0018,0.7599,-32.51,-22.569,-32.629,-22.084,0.0017,0,1
-1.393,-105.04,14.548,-104.97,14.348,-0.2749,-1.2009,-105.13,14.844,-105.05,14.544,-0.2757,-1.281,-105.28,15.136,-105.2,14.873,-0.2769,-1.7773,-105.43,15.22,-105.35,15.203,-0.2781,-1.4091,-105.59,15.707,-105.5,15.534,-0.2788,1.2329,10.058,-4.0685,10.037,-4.1232,-1.3948,1.0088,10.082,-4.2206,10.062,-4.1797,-1.4232,0.9927,10.125,-4.3121,10.105,-4.2741,-1.473,0.9927,10.168,-4.4002,10.148,-4.369,-1.5246,0.7205,10.213,-4.6539,10.192,-4.4642,-1.5782,1.4411,-40.318,1.7034,-40.308,1.6304,8.405,1.4411,-40.328,1.7556,-40.318,1.6527,8.4001,1.5692,-40.345,1.7191,-40.335,1.6901,8.3913,1.5852,-40.363,1.7951,-40.352,1.7276,8.3821,1.7613,-40.38,1.661,-40.37,1.7652,8.3722,0.6086,-83.643,-4.5866,-83.668,-4.5163,-0.0035,0.6024,-83.615,-4.7275,-83.641,-4.5781,-0.0047,0.6271,-83.567,-4.8114,-83.595,-4.6816,-0.0065,0.7105,-83.52,-4.5962,-83.547,-4.7855,-0.0081,0.5591,-83.472,-5.0311,-83.499,-4.8898,-0.0099,-0.7012,37.153,-8.8964,37.103,-8.7291,-0.3552,-0.7754,37.207,-8.8723,37.155,-8.8486,-0.3555,-0.6796,37.297,-9.2858,37.245,-9.0486,-0.3561,-0.6271,37.389,-9.5646,37.336,-9.2495,-0.3568,-0.7136,37.483,-9.5425,37.43,-9.451,-0.3572,0.8124,-33.49,-19.924,-33.596,-19.969,0.0017,0.7383,-33.369,-20.496,-33.475,-20.243,0.0017,0.7507,-33.161,-20.958,-33.27,-20.7,0.0017,0.7198,-32.95,-21.598,-33.061,-21.16,0.0017,0.7507,-32.732,-22.018,-32.847,-21.621,0.0018,0,1
-1.1849,-104.99,14.511,-104.91,14.217,-0.2741,-1.393,-105.04,14.548,-104.97,14.348,-0.2749,-1.2009,-105.13,14.844,-105.05,14.544,-0.2757,-1.281,-105.28,15.136,-105.2,14.873,-0.2769,-1.7773,-105.43,15.22,-105.35,15.203,-0.2781,1.0728,10.041,-4.1153,10.021,-4.0856,-1.3756,1.2329,10.058,-4.0685,10.037,-4.1232,-1.3948,1.0088,10.082,-4.2206,10.062,-4.1797,-1.4232,0.9927,10.125,-4.3121,10.105,-4.2741,-1.473,0.9927,10.168,-4.4002,10.148,-4.369,-1.5246,1.5532,-40.311,1.5889,-40.302,1.6155,8.4084,1.4411,-40.318,1.7034,-40.308,1.6304,8.405,1.4411,-40.328,1.7556,-40.318,1.6527,8.4001,1.5692,-40.345,1.7191,-40.335,1.6901,8.3913,1.5852,-40.363,1.7951,-40.352,1.7276,8.3821,0.5777,-83.661,-4.6122,-83.686,-4.4751,-0.0028,0.6086,-83.643,-4.5866,-83.668,-4.5163,-0.0035,0.6024,-83.615,-4.7275,-83.641,-4.5781,-0.0047,0.6271,-83.567,-4.8114,-83.595,-4.6816,-0.0065,0.7105,-83.52,-4.5962,-83.547,-4.7855,-0.0081,-0.6425,37.117,-8.8925,37.068,-8.6495,-0.3549,-0.7012,37.153,-8.8964,37.103,-8.7291,-0.3552,-0.7754,37.207,-8.8723,37.155,-8.8486,-0.3555,-0.6796,37.297,-9.2858,37.245,-9.0486,-0.3561,-0.6271,37.389,-9.5646,37.336,-9.2495,-0.3568,0.7352,-33.57,-20.108,-33.675,-19.787,0.0017,0.8124,-33.49,-19.924,-33.596,-19.969,0.0017,0.7383,-33.369,-20.496,-33.475,-20.243,0.0017,0.7507,-33.161,-20.958,-33.27,-20.7,0.0017,0.7198,-32.95,-21.598,-33.061,-21.16,0.0017,0,1
-0.9767,-104.84,14.263,-104.77,13.891,-0.2728,-1.1849,-104.99,14.511,-104.91,14.217,-0.2741,-1.393,-105.04,14.548,-104.97,14.348,-0.2749,-1.2009,-105.13,14.844,-105.05,14.544,-0.2757,-1.281,-105.28,15.136,-105.2,14.873,-0.2769,1.1689,10.001,-3.9802,9.9807,-3.992,-1.3286,1.0728,10.041,-4.1153,10.021,-4.0856,-1.3756,1.2329,10.058,-4.0685,10.037,-4.1232,-1.3948,1.0088,10.082,-4.2206,10.062,-4.1797,-1.4232,0.9927,10.125,-4.3121,10.105,-4.2741,-1.473,1.6172,-40.295,1.5627,-40.286,1.5785,8.417,1.5532,-40.311,1.5889,-40.302,1.6155,8.4084,1.4411,-40.318,1.7034,-40.308,1.6304,8.405,1.4411,-40.328,1.7556,-40.318,1.6527,8.4001,1.5692,-40.345,1.7191,-40.335,1.6901,8.3913,0.5375,-83.706,-4.5854,-83.731,-4.3726,-0.0012,0.5777,-83.661,-4.6122,-83.686,-4.4751,-0.0028,0.6086,-83.643,-4.5866,-83.668,-4.5163,-0.0035,0.6024,-83.615,-4.7275,-83.641,-4.5781,-0.0047,0.6271,-83.567,-4.8114,-83.595,-4.6816,-0.0065,-0.7414,37.031,-8.5105,36.982,-8.4513,-0.3544,-0.6425,37.117,-8.8925,37.068,-8.6495,-0.3549,-0.7012,37.153,-8.8964,37.103,-8.7291,-0.3552,-0.7754,37.207,-8.8723,37.155,-8.8486,-0.3555,-0.6796,37.297,-9.2858,37.245,-9.0486,-0.3561,0.7352,-33.767,-19.709,-33.871,-19.334,0.0017,0.7352,-33.57,-20.108,-33.675,-19.787,0.0017,0.8124,-33.49,-19.924,-33.596,-19.969,0.0017,0.7383,-33.369,-20.496,-33.475,-20.243,0.0017,0.7507,-33.161,-20.958,-33.27,-20.7,0.0017,0,1
-0.7686,-104.7,14.021,-104.63,13.567,-0.2711,-0.9767,-104.84,14.263,-104.77,13.891,-0.2728,-1.1849,-104.99,14.511,-104.91,14.217,-0.2741,-1.393,-105.04,14.548,-104.97,14.348,-0.2749,-1.2009,-105.13,14.844,-105.05,14.544,-0.2757,1.0408,9.9615,-3.9614,9.9413,-3.8989,-1.2829,1.1689,10.001,-3.9802,9.9807,-3.992,-1.3286,1.0728,10.041,-4.1153,10.021,-4.0856,-1.3756,1.2329,10.058,-4.0685,10.037,-4.1232,-1.3948,1.0088,10.082,-4.2206,10.062,-4.1797,-1.4232,1.4891,-40.279,1.6146,-40.27,1.5417,8.4251,1.6172,-40.295,1.5627,-40.286,1.5785,8.417,1.5532,-40.311,1.5889,-40.302,1.6155,8.4084,1.4411,-40.318,1.7034,-40.308,1.6304,8.405,1.4411,-40.328,1.7556,-40.318,1.6527,8.4001,0.6147,-83.75,-4.2645,-83.774,-4.2706,0.0005,0.5375,-83.706,-4.5854,-83.731,-4.3726,-0.0012,0.5777,-83.661,-4.6122,-83.686,-4.4751,-0.0028,0.6086,-83.643,-4.5866,-83.668,-4.5163,-0.0035,0.6024,-83.615,-4.7275,-83.641,-4.5781,-0.0047,-0.763,36.947,-8.3324,36.899,-8.2542,-0.3537,-0.7414,37.031,-8.5105,36.982,-8.4513,-0.3544,-0.6425,37.117,-8.8925,37.068,-8.6495,-0.3549,-0.7012,37.153,-8.8964,37.103,-8.7291,-0.3552,-0.7754,37.207,-8.8723,37.155,-8.8486,-0.3555,0.8464,-33.958,-18.849,-34.062,-18.883,0.0017,0.7352,-33.767,-19.709,-33.871,-19.334,0.0017,0.7352,-33.57,-20.108,-33.675,-19.787,0.0017,0.8124,-33.49,-19.924,-33.596,-19.969,0.0017,0.7383,-33.369,-20.496,-33.475,-20.243,0.0017,0,1
-1.5051,-104.57,13.335,-104.5,13.245,-0.2695,-0.7686,-104.7,14.021,-104.63,13.567,-0.2711,-0.9767,-104.84,14.263,-104.77,13.891,-0.2728,-1.1849,-104.99,14.511,-104.91,14.217,-0.2741,-1.393,-105.04,14.548,-104.97,14.348,-0.2749,1.0568,9.9223,-3.8507,9.9028,-3.8062,-1.2392,1.0408,9.9615,-3.9614,9.9413,-3.8989,-1.2829,1.1689,10.001,-3.9802,9.9807,-3.992,-1.3286,1.0728,10.041,-4.1153,10.021,-4.0856,-1.3756,1.2329,10.058,-4.0685,10.037,-4.1232,-1.3948,1.5371,-40.264,1.5375,-40.255,1.5051,8.4324,1.4891,-40.279,1.6146,-40.27,1.5417,8.4251,1.6172,-40.295,1.5627,-40.286,1.5785,8.417,1.5532,-40.311,1.5889,-40.302,1.6155,8.4084,1.4411,-40.318,1.7034,-40.308,1.6304,8.405,0.6456,-83.792,-4.1854,-83.816,-4.1691,0.0024,0.6147,-83.75,-4.2645,-83.774,-4.2706,0.0005,0.5375,-83.706,-4.5854,-83.731,-4.3726,-0.0012,0.5777,-83.661,-4.6122,-83.686,-4.4751,-0.0028,0.6086,-83.643,-4.5866,-83.668,-4.5163,-0.0035,-0.7012,36.863,-8.1438,36.817,-8.058,-0.3532,-0.763,36.947,-8.3324,36.899,-8.2542,-0.3537,-0.7414,37.031,-8.5105,36.982,-8.4513,-0.3544,-0.6425,37.117,-8.8925,37.068,-8.6495,-0.3549,-0.7012,37.153,-8.8964,37.103,-8.7291,-0.3552,0.7692,-34.148,-18.735,-34.249,-18.434,0.0017,0.8464,-33.958,-18.849,-34.062,-18.883,0.0017,0.7352,-33.767,-19.709,-33.871,-19.334,0.0017,0.7352,-33.57,-20.108,-33.675,-19.787,0.0017,0.8124,-33.49,-19.924,-33.596,-19.969,0.0017,0,1
-0.9767,-104.43,13.248,-104.37,12.924,-0.2679,-1.5051,-104.57,13.335,-104.5,13.245,-0.2695,-0.7686,-104.7,14.021,-104.63,13.567,-0.2711,-0.9767,-104.84,14.263,-104.77,13.891,-0.2728,-1.1849,-104.99,14.511,-104.91,14.217,-0.2741,1.0568,9.8849,-3.7703,9.8652,-3.7141,-1.197,1.0568,9.9223,-3.8507,9.9028,-3.8062,-1.2392,1.0408,9.9615,-3.9614,9.9413,-3.8989,-1.2829,1.1689,10.001,-3.9802,9.9807,-3.992,-1.3286,1.0728,10.041,-4.1153,10.021,-4.0856,-1.3756,1.4731,-40.249,1.5177,-40.24,1.4686,8.4399,1.5371,-40.264,1.5375,-40.255,1.5051,8.4324,1.4891,-40.279,1.6146,-40.27,1.5417,8.4251,1.6172,-40.295,1.5627,-40.286,1.5785,8.417,1.5532,-40.311,1.5889,-40.302,1.6155,8.4084,0.6147,-83.834,-4.1196,-83.857,-4.0682,0.0038,0.6456,-83.792,-4.1854,-83.816,-4.1691,0.0024,0.6147,-83.75,-4.2645,-83.774,-4.2706,0.0005,0.5375,-83.706,-4.5854,-83.731,-4.3726,-0.0012,0.5777,-83.661,-4.6122,-83.686,-4.4751,-0.0028,-0.6518,36.782,-8.0815,36.738,-7.8631,-0.3526,-0.7012,36.863,-8.1438,36.817,-8.058,-0.3532,-0.763,36.947,-8.3324,36.899,-8.2542,-0.3537,-0.7414,37.031,-8.5105,36.982,-8.4513,-0.3544,-0.6425,37.117,-8.8925,37.068,-8.6495,-0.3549,0.8001,-34.331,-18.176,-34.431,-17.988,0.0017,0.7692,-34.148,-18.735,-34.249,-18.434,0.0017,0.8464,-33.958,-18.849,-34.062,-18.883,0.0017,0.7352,-33.767,-19.709,-33.871,-19.334,0.0017,0.7352,-33.57,-20.108,-33.675,-19.787,0.0017,0,1
-0.8807,-104.31,12.967,-104.24,12.606,-0.2662,-0.9767,-104.43,13.248,-104.37,12.924,-0.2679,-1.5051,-104.57,13.335,-104.5,13.245,-0.2695,-0.7686,-104.7,14.021,-104.63,13.567,-0.2711,-0.9767,-104.84,14.263,-104.77,13.891,-0.2728,1.0248,9.8476,-3.6888,9.8285,-3.6226,-1.1552,1.0568,9.8849,-3.7703,9.8652,-3.7141,-1.197,1.0568,9.9223,-3.8507,9.9028,-3.8062,-1.2392,1.0408,9.9615,-3.9614,9.9413,-3.8989,-1.2829,1.1689,10.001,-3.9802,9.9807,-3.992,-1.3286,1.361,-40.233,1.5312,-40.226,1.4324,8.4472,1.4731,-40.249,1.5177,-40.24,1.4686,8.4399,1.5371,-40.264,1.5375,-40.255,1.5051,8.4324,1.4891,-40.279,1.6146,-40.27,1.5417,8.4251,1.6172,-40.295,1.5627,-40.286,1.5785,8.417,0.5653,-83.876,-4.0065,-83.897,-3.9679,0.0053,0.6147,-83.834,-4.1196,-83.857,-4.0682,0.0038,0.6456,-83.792,-4.1854,-83.816,-4.1691,0.0024,0.6147,-83.75,-4.2645,-83.774,-4.2706,0.0005,0.5375,-83.706,-4.5854,-83.731,-4.3726,-0.0012,-0.8001,36.705,-7.6356,36.66,-7.6693,-0.3521,-0.6518,36.782,-8.0815,36.738,-7.8631,-0.3526,-0.7012,36.863,-8.1438,36.817,-8.058,-0.3532,-0.763,36.947,-8.3324,36.899,-8.2542,-0.3537,-0.7414,37.031,-8.5105,36.982,-8.4513,-0.3544,0.7445,-34.512,-17.94,-34.608,-17.545,0.0017,0.8001,-34.331,-18.176,-34.431,-17.988,0.0017,0.7692,-34.148,-18.735,-34.249,-18.434,0.0017,0.8464,-33.958,-18.849,-34.062,-18.883,0.0017,0.7352,-33.767,-19.709,-33.871,-19.334,0.0017,0,1
-1.2489,-104.18,12.485,-104.11,12.289,-0.2644,-0.8807,-104.31,12.967,-104.24,12.606,-0.2662,-0.9767,-104.43,13.248,-104.37,12.924,-0.2679,-1.5051,-104.57,13.335,-104.5,13.245,-0.2695,-0.7686,-104.7,14.021,-104.63,13.567,-0.2711,1.1048,9.8117,-3.5638,9.7927,-3.5316,-1.1163,1.0248,9.8476,-3.6888,9.8285,-3.6226,-1.1552,1.0568,9.8849,-3.7703,9.8652,-3.7141,-1.197,1.0568,9.9223,-3.8507,9.9028,-3.8062,-1.2392,1.0408,9.9615,-3.9614,9.9413,-3.8989,-1.2829,1.4091,-40.219,1.4237,-40.212,1.3965,8.4536,1.361,-40.233,1.5312,-40.226,1.4324,8.4472,1.4731,-40.249,1.5177,-40.24,1.4686,8.4399,1.5371,-40.264,1.5375,-40.255,1.5051,8.4324,1.4891,-40.279,1.6146,-40.27,1.5417,8.4251,0.5622,-83.915,-3.9527,-83.936,-3.8683,0.007,0.5653,-83.876,-4.0065,-83.897,-3.9679,0.0053,0.6147,-83.834,-4.1196,-83.857,-4.0682,0.0038,0.6456,-83.792,-4.1854,-83.816,-4.1691,0.0024,0.6147,-83.75,-4.2645,-83.774,-4.2706,0.0005,-0.692,36.628,-7.6886,36.584,-7.4767,-0.3516,-0.8001,36.705,-7.6356,36.66,-7.6693,-0.3521,-0.6518,36.782,-8.0815,36.738,-7.8631,-0.3526,-0.7012,36.863,-8.1438,36.817,-8.058,-0.3532,-0.763,36.947,-8.3324,36.899,-8.2542,-0.3537,0.6981,-34.69,-17.581,-34.782,-17.104,0.0017,0.7445,-34.512,-17.94,-34.608,-17.545,0.0017,0.8001,-34.331,-18.176,-34.431,-17.988,0.0017,0.7692,-34.148,-18.735,-34.249,-18.434,0.0017,0.8464,-33.958,-18.849,-34.062,-18.883,0.0017,0,1
-1.5852,-104.06,12.02,-103.99,11.975,-0.2623,-1.2489,-104.18,12.485,-104.11,12.289,-0.2644,-0.8807,-104.31,12.967,-104.24,12.606,-0.2662,-0.9767,-104.43,13.248,-104.37,12.924,-0.2679,-1.5051,-104.57,13.335,-104.5,13.245,-0.2695,0.8646,9.7758,-3.575,9.7578,-3.4413,-1.0768,1.1048,9.8117,-3.5638,9.7927,-3.5316,-1.1163,1.0248,9.8476,-3.6888,9.8285,-3.6226,-1.1552,1.0568,9.8849,-3.7703,9.8652,-3.7141,-1.197,1.0568,9.9223,-3.8507,9.9028,-3.8062,-1.2392,1.5692,-40.206,1.3221,-40.198,1.3608,8.4605,1.4091,-40.219,1.4237,-40.212,1.3965,8.4536,1.361,-40.233,1.5312,-40.226,1.4324,8.4472,1.4731,-40.249,1.5177,-40.24,1.4686,8.4399,1.5371,-40.264,1.5375,-40.255,1.5051,8.4324,0.5715,-83.954,-3.825,-83.975,-3.7694,0.0086,0.5622,-83.915,-3.9527,-83.936,-3.8683,0.007,0.5653,-83.876,-4.0065,-83.897,-3.9679,0.0053,0.6147,-83.834,-4.1196,-83.857,-4.0682,0.0038,0.6456,-83.792,-4.1854,-83.816,-4.1691,0.0024,-0.7043,36.552,-7.437,36.511,-7.2854,-0.3509,-0.692,36.628,-7.6886,36.584,-7.4767,-0.3516,-0.8001,36.705,-7.6356,36.66,-7.6693,-0.3521,-0.6518,36.782,-8.0815,36.738,-7.8631,-0.3526,-0.7012,36.863,-8.1438,36.817,-8.058,-0.3532,0.6858,-34.863,-17.065,-34.95,-16.667,0.0018,0.6981,-34.69,-17.581,-34.782,-17.104,0.0017,0.7445,-34.512,-17.94,-34.608,-17.545,0.0017,0.8001,-34.331,-18.176,-34.431,-17.988,0.0017,0.7692,-34.148,-18.735,-34.249,-18.434,0.0017,0,1
-1.8094,-103.94,11.621,-103.87,11.663,-0.2604,-1.5852,-104.06,12.02,-103.99,11.975,-0.2623,-1.2489,-104.18,12.485,-104.11,12.289,-0.2644,-0.8807,-104.31,12.967,-104.24,12.606,-0.2662,-0.9767,-104.43,13.248,-104.37,12.924,-0.2679,0.9767,9.7408,-3.4057,9.7239,-3.3516,-1.0388,0.8646,9.7758,-3.575,9.7578,-3.4413,-1.0768,1.1048,9.8117,-3.5638,9.7927,-3.5316,-1.1163,1.0248,9.8476,-3.6888,9.8285,-3.6226,-1.1552,1.0568,9.8849,-3.7703,9.8652,-3.7141,-1.197,1.6492,-40.193,1.2806,-40.184,1.3253,8.4673,1.5692,-40.206,1.3221,-40.198,1.3608,8.4605,1.4091,-40.219,1.4237,-40.212,1.3965,8.4536,1.361,-40.233,1.5312,-40.226,1.4324,8.4472,1.4731,-40.249,1.5177,-40.24,1.4686,8.4399,0.5746,-83.992,-3.6693,-84.012,-3.6711,0.01,0.5715,-83.954,-3.825,-83.975,-3.7694,0.0086,0.5622,-83.915,-3.9527,-83.936,-3.8683,0.007,0.5653,-83.876,-4.0065,-83.897,-3.9679,0.0053,0.6147,-83.834,-4.1196,-83.857,-4.0682,0.0038,-0.6024,36.478,-7.3126,36.439,-7.0956,-0.3505,-0.7043,36.552,-7.437,36.511,-7.2854,-0.3509,-0.692,36.628,-7.6886,36.584,-7.4767,-0.3516,-0.8001,36.705,-7.6356,36.66,-7.6693,-0.3521,-0.6518,36.782,-8.0815,36.738,-7.8631,-0.3526,0.6734,-35.03,-16.596,-35.115,-16.232,0.0018,0.6858,-34.863,-17.065,-34.95,-16.667,0.0018,0.6981,-34.69,-17.581,-34.782,-17.104,0.0017,0.7445,-34.512,-17.94,-34.608,-17.545,0.0017,0.8001,-34.331,-18.176,-34.431,-17.988,0.0017,0,1
-1.5211,-103.82,11.453,-103.76,11.353,-0.2584,-1.8094,-103.94,11.621,-103.87,11.663,-0.2604,-1.5852,-104.06,12.02,-103.99,11.975,-0.2623,-1.2489,-104.18,12.485,-104.11,12.289,-0.2644,-0.8807,-104.31,12.967,-104.24,12.606,-0.2662,0.7846,9.7067,-3.3888,9.6908,-3.2626,-1.002,0.9767,9.7408,-3.4057,9.7239,-3.3516,-1.0388,0.8646,9.7758,-3.575,9.7578,-3.4413,-1.0768,1.1048,9.8117,-3.5638,9.7927,-3.5316,-1.1163,1.0248,9.8476,-3.6888,9.8285,-3.6226,-1.1552,1.6492,-40.179,1.2653,-40.171,1.2901,8.4738,1.6492,-40.193,1.2806,-40.184,1.3253,8.4673,1.5692,-40.206,1.3221,-40.198,1.3608,8.4605,1.4091,-40.219,1.4237,-40.212,1.3965,8.4536,1.361,-40.233,1.5312,-40.226,1.4324,8.4472,0.5499,-84.028,-3.6937,-84.048,-3.5736,0.0112,0.5746,-83.992,-3.6693,-84.012,-3.6711,0.01,0.5715,-83.954,-3.825,-83.975,-3.7694,0.0086,0.5622,-83.915,-3.9527,-83.936,-3.8683,0.007,0.5653,-83.876,-4.0065,-83.897,-3.9679,0.0053,-0.5931,36.407,-7.1432,36.369,-6.9071,-0.35,-0.6024,36.478,-7.3126,36.439,-7.0956,-0.3505,-0.7043,36.552,-7.437,36.511,-7.2854,-0.3509,-0.692,36.628,-7.6886,36.584,-7.4767,-0.3516,-0.8001,36.705,-7.6356,36.66,-7.6693,-0.3521,0.6487,-35.193,-16.225,-35.275,-15.801,0.0018,0.6734,-35.03,-16.596,-35.115,-16.232,0.0018,0.6858,-34.863,-17.065,-34.95,-16.667,0.0018,0.6981,-34.69,-17.581,-34.782,-17.104,0.0017,0.7445,-34.512,-17.94,-34.608,-17.545,0.0017,0,1
-1.2489,-103.71,11.275,-103.65,11.046,-0.2564,-1.5211,-103.82,11.453,-103.76,11.353,-0.2584,-1.8094,-103.94,11.621,-103.87,11.663,-0.2604,-1.5852,-104.06,12.02,-103.99,11.975,-0.2623,-1.2489,-104.18,12.485,-104.11,12.289,-0.2644,0.9287,9.6736,-3.222,9.6586,-3.1742,-0.9665,0.7846,9.7067,-3.3888,9.6908,-3.2626,-1.002,0.9767,9.7408,-3.4057,9.7239,-3.3516,-1.0388,0.8646,9.7758,-3.575,9.7578,-3.4413,-1.0768,1.1048,9.8117,-3.5638,9.7927,-3.5316,-1.1163,1.6012,-40.166,1.2662,-40.159,1.2552,8.4801,1.6492,-40.179,1.2653,-40.171,1.2901,8.4738,1.6492,-40.193,1.2806,-40.184,1.3253,8.4673,1.5692,-40.206,1.3221,-40.198,1.3608,8.4605,1.4091,-40.219,1.4237,-40.212,1.3965,8.4536,0.5004,-84.065,-3.6188,-84.083,-3.4769,0.0124,0.5499,-84.028,-3.6937,-84.048,-3.5736,0.0112,0.5746,-83.992,-3.6693,-84.012,-3.6711,0.01,0.5715,-83.954,-3.825,-83.975,-3.7694,0.0086,0.5622,-83.915,-3.9527,-83.936,-3.8683,0.007,-0.7136,36.338,-6.6755,36.3,-6.7201,-0.3496,-0.5931,36.407,-7.1432,36.369,-6.9071,-0.35,-0.6024,36.478,-7.3126,36.439,-7.0956,-0.3505,-0.7043,36.552,-7.437,36.511,-7.2854,-0.3509,-0.692,36.628,-7.6886,36.584,-7.4767,-0.3516,0.692,-35.351,-15.551,-35.431,-15.373,0.0017,0.6487,-35.193,-16.225,-35.275,-15.801,0.0018,0.6734,-35.03,-16.596,-35.115,-16.232,0.0018,0.6858,-34.863,-17.065,-34.95,-16.667,0.0018,0.6981,-34.69,-17.581,-34.782,-17.104,0.0017,0,1
-1.2169,-103.6,10.968,-103.54,10.741,-0.2544,-1.2489,-103.71,11.275,-103.65,11.046,-0.2564,-1.5211,-103.82,11.453,-103.76,11.353,-0.2584,-1.8094,-103.94,11.621,-103.87,11.663,-0.2604,-1.5852,-104.06,12.02,-103.99,11.975,-0.2623,0.8967,9.6422,-3.1561,9.6273,-3.0866,-0.9349,0.9287,9.6736,-3.222,9.6586,-3.1742,-0.9665,0.7846,9.7067,-3.3888,9.6908,-3.2626,-1.002,0.9767,9.7408,-3.4057,9.7239,-3.3516,-1.0388,0.8646,9.7758,-3.575,9.7578,-3.4413,-1.0768,1.361,-40.153,1.3579,-40.146,1.2205,8.4851,1.6012,-40.166,1.2662,-40.159,1.2552,8.4801,1.6492,-40.179,1.2653,-40.171,1.2901,8.4738,1.6492,-40.193,1.2806,-40.184,1.3253,8.4673,1.5692,-40.206,1.3221,-40.198,1.3608,8.4605,0.4263,-84.101,-3.5591,-84.118,-3.3809,0.0137,0.5004,-84.065,-3.6188,-84.083,-3.4769,0.0124,0.5499,-84.028,-3.6937,-84.048,-3.5736,0.0112,0.5746,-83.992,-3.6693,-84.012,-3.6711,0.01,0.5715,-83.954,-3.825,-83.975,-3.7694,0.0086,-0.6055,36.271,-6.7331,36.234,-6.5347,-0.3492,-0.7136,36.338,-6.6755,36.3,-6.7201,-0.3496,-0.5931,36.407,-7.1432,36.369,-6.9071,-0.35,-0.6024,36.478,-7.3126,36.439,-7.0956,-0.3505,-0.7043,36.552,-7.437,36.511,-7.2854,-0.3509,0.6395,-35.505,-15.351,-35.583,-14.949,0.0017,0.692,-35.351,-15.551,-35.431,-15.373,0.0017,0.6487,-35.193,-16.225,-35.275,-15.801,0.0018,0.6734,-35.03,-16.596,-35.115,-16.232,0.0018,0.6858,-34.863,-17.065,-34.95,-16.667,0.0018,0,1
-1.1048,-103.49,10.705,-103.43,10.439,-0.2519,-1.2169,-103.6,10.968,-103.54,10.741,-0.2544,-1.2489,-103.71,11.275,-103.65,11.046,-0.2564,-1.5211,-103.82,11.453,-103.76,11.353,-0.2584,-1.8094,-103.94,11.621,-103.87,11.663,-0.2604,0.7526,9.6112,-3.1222,9.5969,-2.9998,-0.9031,0.8967,9.6422,-3.1561,9.6273,-3.0866,-0.9349,0.9287,9.6736,-3.222,9.6586,-3.1742,-0.9665,0.7846,9.7067,-3.3888,9.6908,-3.2626,-1.002,0.9767,9.7408,-3.4057,9.7239,-3.3516,-1.0388,1.313,-40.14,1.2861,-40.134,1.1862,8.4902,1.361,-40.153,1.3579,-40.146,1.2205,8.4851,1.6012,-40.166,1.2662,-40.159,1.2552,8.4801,1.6492,-40.179,1.2653,-40.171,1.2901,8.4738,1.6492,-40.193,1.2806,-40.184,1.3253,8.4673,0.4603,-84.135,-3.3444,-84.151,-3.2858,0.015,0.4263,-84.101,-3.5591,-84.118,-3.3809,0.0137,0.5004,-84.065,-3.6188,-84.083,-3.4769,0.0124,0.5499,-84.028,-3.6937,-84.048,-3.5736,0.0112,0.5746,-83.992,-3.6693,-84.012,-3.6711,0.01,-0.6951,36.206,-6.4113,36.17,-6.3508,-0.3486,-0.6055,36.271,-6.7331,36.234,-6.5347,-0.3492,-0.7136,36.338,-6.6755,36.3,-6.7201,-0.3496,-0.5931,36.407,-7.1432,36.369,-6.9071,-0.35,-0.6024,36.478,-7.3126,36.439,-7.0956,-0.3505,0.7074,-35.654,-14.584,-35.73,-14.529,0.0017,0.6395,-35.505,-15.351,-35.583,-14.949,0.0017,0.692,-35.351,-15.551,-35.431,-15.373,0.0017,0.6487,-35.193,-16.225,-35.275,-15.801,0.0018,0.6734,-35.03,-16.596,-35.115,-16.232,0.0018,0,1
-1.1689,-103.38,10.361,-103.33,10.139,-0.2497,-1.1048,-103.49,10.705,-103.43,10.439,-0.2519,-1.2169,-103.6,10.968,-103.54,10.741,-0.2544,-1.2489,-103.71,11.275,-103.65,11.046,-0.2564,-1.5211,-103.82,11.453,-103.76,11.353,-0.2584,0.9287,9.5815,-2.9546,9.5673,-2.9137,-0.8737,0.7526,9.6112,-3.1222,9.5969,-2.9998,-0.9031,0.8967,9.6422,-3.1561,9.6273,-3.0866,-0.9349,0.9287,9.6736,-3.222,9.6586,-3.1742,-0.9665,0.7846,9.7067,-3.3888,9.6908,-3.2626,-1.002,1.313,-40.128,1.2164,-40.123,1.1522,8.4949,1.313,-40.14,1.2861,-40.134,1.1862,8.4902,1.361,-40.153,1.3579,-40.146,1.2205,8.4851,1.6012,-40.166,1.2662,-40.159,1.2552,8.4801,1.6492,-40.179,1.2653,-40.171,1.2901,8.4738,0.4634,-84.167,-3.2362,-84.183,-3.1915,0.0162,0.4603,-84.135,-3.3444,-84.151,-3.2858,0.015,0.4263,-84.101,-3.5591,-84.118,-3.3809,0.0137,0.5004,-84.065,-3.6188,-84.083,-3.4769,0.0124,0.5499,-84.028,-3.6937,-84.048,-3.5736,0.0112,-0.59,36.141,-6.3349,36.107,-6.1686,-0.3483,-0.6951,36.206,-6.4113,36.17,-6.3508,-0.3486,-0.6055,36.271,-6.7331,36.234,-6.5347,-0.3492,-0.7136,36.338,-6.6755,36.3,-6.7201,-0.3496,-0.5931,36.407,-7.1432,36.369,-6.9071,-0.35,0.6549,-35.798,-14.477,-35.873,-14.112,0.0017,0.7074,-35.654,-14.584,-35.73,-14.529,0.0017,0.6395,-35.505,-15.351,-35.583,-14.949,0.0017,0.692,-35.351,-15.551,-35.431,-15.373,0.0017,0.6487,-35.193,-16.225,-35.275,-15.801,0.0018,0,1
-0.8326,-103.28,10.195,-103.23,9.8425,-0.2472,-1.1689,-103.38,10.361,-103.33,10.139,-0.2497,-1.1048,-103.49,10.705,-103.43,10.439,-0.2519,-1.2169,-103.6,10.968,-103.54,10.741,-0.2544,-1.2489,-103.71,11.275,-103.65,11.046,-0.2564,0.9127,9.553,-2.8957,9.5386,-2.8285,-0.8454,0.9287,9.5815,-2.9546,9.5673,-2.9137,-0.8737,0.7526,9.6112,-3.1222,9.5969,-2.9998,-0.9031,0.8967,9.6422,-3.1561,9.6273,-3.0866,-0.9349,0.9287,9.6736,-3.222,9.6586,-3.1742,-0.9665,1.345,-40.116,1.1515,-40.111,1.1184,8.4997,1.313,-40.128,1.2164,-40.123,1.1522,8.4949,1.313,-40.14,1.2861,-40.134,1.1862,8.4902,1.361,-40.153,1.3579,-40.146,1.2205,8.4851,1.6012,-40.166,1.2662,-40.159,1.2552,8.4801,0.4634,-84.199,-3.11,-84.215,-3.0982,0.0173,0.4634,-84.167,-3.2362,-84.183,-3.1915,0.0162,0.4603,-84.135,-3.3444,-84.151,-3.2858,0.015,0.4263,-84.101,-3.5591,-84.118,-3.3809,0.0137,0.5004,-84.065,-3.6188,-84.083,-3.4769,0.0124,-0.6673,36.08,-5.9761,36.046,-5.9881,-0.3478,-0.59,36.141,-6.3349,36.107,-6.1686,-0.3483,-0.6951,36.206,-6.4113,36.17,-6.3508,-0.3486,-0.6055,36.271,-6.7331,36.234,-6.5347,-0.3492,-0.7136,36.338,-6.6755,36.3,-6.7201,-0.3496,0.6981,-35.939,-13.883,-36.012,-13.699,0.0017,0.6549,-35.798,-14.477,-35.873,-14.112,0.0017,0.7074,-35.654,-14.584,-35.73,-14.529,0.0017,0.6395,-35.505,-15.351,-35.583,-14.949,0.0017,0.692,-35.351,-15.551,-35.431,-15.373,0.0017,0,1
-1.1689,-103.18,9.7181,-103.13,9.5487,-0.2447,-0.8326,-103.28,10.195,-103.23,9.8425,-0.2472,-1.1689,-103.38,10.361,-103.33,10.139,-0.2497,-1.1048,-103.49,10.705,-103.43,10.439,-0.2519,-1.2169,-103.6,10.968,-103.54,10.741,-0.2544,0.8646,9.5244,-2.8234,9.5107,-2.7441,-0.8177,0.9127,9.553,-2.8957,9.5386,-2.8285,-0.8454,0.9287,9.5815,-2.9546,9.5673,-2.9137,-0.8737,0.7526,9.6112,-3.1222,9.5969,-2.9998,-0.9031,0.8967,9.6422,-3.1561,9.6273,-3.0866,-0.9349,1.4891,-40.106,1.0684,-40.1,1.0851,8.5042,1.345,-40.116,1.1515,-40.111,1.1184,8.4997,1.313,-40.128,1.2164,-40.123,1.1522,8.4949,1.313,-40.14,1.2861,-40.134,1.1862,8.4902,1.361,-40.153,1.3579,-40.146,1.2205,8.4851,0.4912,-84.23,-2.9552,-84.245,-3.0057,0.0186,0.4634,-84.199,-3.11,-84.215,-3.0982,0.0173,0.4634,-84.167,-3.2362,-84.183,-3.1915,0.0162,0.4603,-84.135,-3.3444,-84.151,-3.2858,0.015,0.4263,-84.101,-3.5591,-84.118,-3.3809,0.0137,-0.553,36.02,-6.0538,35.987,-5.8094,-0.3473,-0.6673,36.08,-5.9761,36.046,-5.9881,-0.3478,-0.59,36.141,-6.3349,36.107,-6.1686,-0.3483,-0.6951,36.206,-6.4113,36.17,-6.3508,-0.3486,-0.6055,36.271,-6.7331,36.234,-6.5347,-0.3492,0.6734,-36.077,-13.53,-36.147,-13.29,0.0017,0.6981,-35.939,-13.883,-36.012,-13.699,0.0017,0.6549,-35.798,-14.477,-35.873,-14.112,0.0017,0.7074,-35.654,-14.584,-35.73,-14.529,0.0017,0.6395,-35.505,-15.351,-35.583,-14.949,0.0017,0,1
-1.0728,-103.09,9.453,-103.04,9.258,-0.2423,-1.1689,-103.18,9.7181,-103.13,9.5487,-0.2447,-0.8326,-103.28,10.195,-103.23,9.8425,-0.2472,-1.1689,-103.38,10.361,-103.33,10.139,-0.2497,-1.1048,-103.49,10.705,-103.43,10.439,-0.2519,1.0088,9.4969,-2.668,9.4837,-2.6605,-0.7911,0.8646,9.5244,-2.8234,9.5107,-2.7441,-0.8177,0.9127,9.553,-2.8957,9.5386,-2.8285,-0.8454,0.9287,9.5815,-2.9546,9.5673,-2.9137,-0.8737,0.7526,9.6112,-3.1222,9.5969,-2.9998,-0.9031,1.5371,-40.095,1.0408,-40.089,1.052,8.5088,1.4891,-40.106,1.0684,-40.1,1.0851,8.5042,1.345,-40.116,1.1515,-40.111,1.1184,8.4997,1.313,-40.128,1.2164,-40.123,1.1522,8.4949,1.313,-40.14,1.2861,-40.134,1.1862,8.4902,0.5838,-84.259,-2.7688,-84.275,-2.9142,0.0195,0.4912,-84.23,-2.9552,-84.245,-3.0057,0.0186,0.4634,-84.199,-3.11,-84.215,-3.0982,0.0173,0.4634,-84.167,-3.2362,-84.183,-3.1915,0.0162,0.4603,-84.135,-3.3444,-84.151,-3.2858,0.015,-0.6518,35.962,-5.6183,35.93,-5.6325,-0.347,-0.553,36.02,-6.0538,35.987,-5.8094,-0.3473,-0.6673,36.08,-5.9761,36.046,-5.9881,-0.3478,-0.59,36.141,-6.3349,36.107,-6.1686,-0.3483,-0.6951,36.206,-6.4113,36.17,-6.3508,-0.3486,0.7414,-36.207,-12.944,-36.278,-12.885,0.0017,0.6734,-36.077,-13.53,-36.147,-13.29,0.0017,0.6981,-35.939,-13.883,-36.012,-13.699,0.0017,0.6549,-35.798,-14.477,-35.873,-14.112,0.0017,0.7074,-35.654,-14.584,-35.73,-14.529,0.0017,0,1
-1.329,-102.99,9.0316,-102.95,8.9703,-0.2396,-1.0728,-103.09,9.453,-103.04,9.258,-0.2423,-1.1689,-103.18,9.7181,-103.13,9.5487,-0.2447,-0.8326,-103.28,10.195,-103.23,9.8425,-0.2472,-1.1689,-103.38,10.361,-103.33,10.139,-0.2497,0.7526,9.4698,-2.6883,9.4575,-2.5779,-0.7661,1.0088,9.4969,-2.668,9.4837,-2.6605,-0.7911,0.8646,9.5244,-2.8234,9.5107,-2.7441,-0.8177,0.9127,9.553,-2.8957,9.5386,-2.8285,-0.8454,0.9287,9.5815,-2.9546,9.5673,-2.9137,-0.8737,1.6172,-40.085,0.9744,-40.079,1.0193,8.5126,1.5371,-40.095,1.0408,-40.089,1.052,8.5088,1.4891,-40.106,1.0684,-40.1,1.0851,8.5042,1.345,-40.116,1.1515,-40.111,1.1184,8.4997,1.313,-40.128,1.2164,-40.123,1.1522,8.4949,0.6117,-84.287,-2.7913,-84.304,-2.8236,0.0207,0.5838,-84.259,-2.7688,-84.275,-2.9142,0.0195,0.4912,-84.23,-2.9552,-84.245,-3.0057,0.0186,0.4634,-84.199,-3.11,-84.215,-3.0982,0.0173,0.4634,-84.167,-3.2362,-84.183,-3.1915,0.0162,-0.5808,35.905,-5.5951,35.875,-5.4575,-0.3465,-0.6518,35.962,-5.6183,35.93,-5.6325,-0.347,-0.553,36.02,-6.0538,35.987,-5.8094,-0.3473,-0.6673,36.08,-5.9761,36.046,-5.9881,-0.3478,-0.59,36.141,-6.3349,36.107,-6.1686,-0.3483,0.6209,-36.338,-13.034,-36.405,-12.485,0.0017,0.7414,-36.207,-12.944,-36.278,-12.885,0.0017,0.6734,-36.077,-13.53,-36.147,-13.29,0.0017,0.6981,-35.939,-13.883,-36.012,-13.699,0.0017,0.6549,-35.798,-14.477,-35.873,-14.112,0.0017,0,1
-1.0408,-102.9,8.8709,-102.86,8.6858,-0.2369,-1.329,-102.99,9.0316,-102.95,8.9703,-0.2396,-1.0728,-103.09,9.453,-103.04,9.258,-0.2423,-1.1689,-103.18,9.7181,-103.13,9.5487,-0.2447,-0.8326,-103.28,10.195,-103.23,9.8425,-0.2472,0.6245,9.4431,-2.6408,9.4322,-2.4961,-0.7409,0.7526,9.4698,-2.6883,9.4575,-2.5779,-0.7661,1.0088,9.4969,-2.668,9.4837,-2.6605,-0.7911,0.8646,9.5244,-2.8234,9.5107,-2.7441,-0.8177,0.9127,9.553,-2.8957,9.5386,-2.8285,-0.8454,1.6172,-40.075,0.9699,-40.069,0.987,8.5169,1.6172,-40.085,0.9744,-40.079,1.0193,8.5126,1.5371,-40.095,1.0408,-40.089,1.052,8.5088,1.4891,-40.106,1.0684,-40.1,1.0851,8.5042,1.345,-40.116,1.1515,-40.111,1.1184,8.4997,0.5313,-84.315,-2.8818,-84.331,-2.7341,0.0216,0.6117,-84.287,-2.7913,-84.304,-2.8236,0.0207,0.5838,-84.259,-2.7688,-84.275,-2.9142,0.0195,0.4912,-84.23,-2.9552,-84.245,-3.0057,0.0186,0.4634,-84.199,-3.11,-84.215,-3.0982,0.0173,-0.6549,35.851,-5.2376,35.821,-5.2844,-0.3461,-0.5808,35.905,-5.5951,35.875,-5.4575,-0.3465,-0.6518,35.962,-5.6183,35.93,-5.6325,-0.347,-0.553,36.02,-6.0538,35.987,-5.8094,-0.3473,-0.6673,36.08,-5.9761,36.046,-5.9881,-0.3478,0.6981,-36.463,-12.191,-36.528,-12.089,0.0017,0.6209,-36.338,-13.034,-36.405,-12.485,0.0017,0.7414,-36.207,-12.944,-36.278,-12.885,0.0017,0.6734,-36.077,-13.53,-36.147,-13.29,0.0017,0.6981,-35.939,-13.883,-36.012,-13.699,0.0017,0,1
-0.6405,-102.82,8.777,-102.77,8.4045,-0.2344,-1.0408,-102.9,8.8709,-102.86,8.6858,-0.2369,-1.329,-102.99,9.0316,-102.95,8.9703,-0.2396,-1.0728,-103.09,9.453,-103.04,9.258,-0.2423,-1.1689,-103.18,9.7181,-103.13,9.5487,-0.2447,0.8326,9.4179,-2.4504,9.4076,-2.4153,-0.7183,0.6245,9.4431,-2.6408,9.4322,-2.4961,-0.7409,0.7526,9.4698,-2.6883,9.4575,-2.5779,-0.7661,1.0088,9.4969,-2.668,9.4837,-2.6605,-0.7911,0.8646,9.5244,-2.8234,9.5107,-2.7441,-0.8177,1.5532,-40.065,0.9859,-40.059,0.9551,8.5207,1.6172,-40.075,0.9699,-40.069,0.987,8.5169,1.6172,-40.085,0.9744,-40.079,1.0193,8.5126,1.5371,-40.095,1.0408,-40.089,1.052,8.5088,1.4891,-40.106,1.0684,-40.1,1.0851,8.5042,0.4757,-84.344,-2.8171,-84.358,-2.6455,0.0224,0.5313,-84.315,-2.8818,-84.331,-2.7341,0.0216,0.6117,-84.287,-2.7913,-84.304,-2.8236,0.0207,0.5838,-84.259,-2.7688,-84.275,-2.9142,0.0195,0.4912,-84.23,-2.9552,-84.245,-3.0057,0.0186,-0.556,35.798,-5.3204,35.769,-5.1133,-0.3459,-0.6549,35.851,-5.2376,35.821,-5.2844,-0.3461,-0.5808,35.905,-5.5951,35.875,-5.4575,-0.3465,-0.6518,35.962,-5.6183,35.93,-5.6325,-0.347,-0.553,36.02,-6.0538,35.987,-5.8094,-0.3473,0.6673,-36.583,-12.01,-36.647,-11.698,0.0017,0.6981,-36.463,-12.191,-36.528,-12.089,0.0017,0.6209,-36.338,-13.034,-36.405,-12.485,0.0017,0.7414,-36.207,-12.944,-36.278,-12.885,0.0017,0.6734,-36.077,-13.53,-36.147,-13.29,0.0017,0,1
-1.0568,-102.73,8.3067,-102.69,8.1267,-0.2316,-0.6405,-102.82,8.777,-102.77,8.4045,-0.2344,-1.0408,-102.9,8.8709,-102.86,8.6858,-0.2369,-1.329,-102.99,9.0316,-102.95,8.9703,-0.2396,-1.0728,-103.09,9.453,-103.04,9.258,-0.2423,0.7365,9.394,-2.4172,9.3839,-2.3354,-0.698,0.8326,9.4179,-2.4504,9.4076,-2.4153,-0.7183,0.6245,9.4431,-2.6408,9.4322,-2.4961,-0.7409,0.7526,9.4698,-2.6883,9.4575,-2.5779,-0.7661,1.0088,9.4969,-2.668,9.4837,-2.6605,-0.7911,1.4571,-40.055,1.0014,-40.05,0.9235,8.5235,1.5532,-40.065,0.9859,-40.059,0.9551,8.5207,1.6172,-40.075,0.9699,-40.069,0.987,8.5169,1.6172,-40.085,0.9744,-40.079,1.0193,8.5126,1.5371,-40.095,1.0408,-40.089,1.052,8.5088,0.4078,-84.371,-2.7298,-84.384,-2.5581,0.0235,0.4757,-84.344,-2.8171,-84.358,-2.6455,0.0224,0.5313,-84.315,-2.8818,-84.331,-2.7341,0.0216,0.6117,-84.287,-2.7913,-84.304,-2.8236,0.0207,0.5838,-84.259,-2.7688,-84.275,-2.9142,0.0195,-0.6178,35.746,-4.9222,35.719,-4.9442,-0.3455,-0.556,35.798,-5.3204,35.769,-5.1133,-0.3459,-0.6549,35.851,-5.2376,35.821,-5.2844,-0.3461,-0.5808,35.905,-5.5951,35.875,-5.4575,-0.3465,-0.6518,35.962,-5.6183,35.93,-5.6325,-0.347,0.6302,-36.701,-11.725,-36.762,-11.311,0.0017,0.6673,-36.583,-12.01,-36.647,-11.698,0.0017,0.6981,-36.463,-12.191,-36.528,-12.089,0.0017,0.6209,-36.338,-13.034,-36.405,-12.485,0.0017,0.7414,-36.207,-12.944,-36.278,-12.885,0.0017,0,1
-1.1208,-102.65,8.0084,-102.61,7.8522,-0.2286,-1.0568,-102.73,8.3067,-102.69,8.1267,-0.2316,-0.6405,-102.82,8.777,-102.77,8.4045,-0.2344,-1.0408,-102.9,8.8709,-102.86,8.6858,-0.2369,-1.329,-102.99,9.0316,-102.95,8.9703,-0.2396,0.7205,9.3704,-2.3311,9.3609,-2.2565,-0.678,0.7365,9.394,-2.4172,9.3839,-2.3354,-0.698,0.8326,9.4179,-2.4504,9.4076,-2.4153,-0.7183,0.6245,9.4431,-2.6408,9.4322,-2.4961,-0.7409,0.7526,9.4698,-2.6883,9.4575,-2.5779,-0.7661,1.4251,-40.046,0.963,-40.041,0.8923,8.5264,1.4571,-40.055,1.0014,-40.05,0.9235,8.5235,1.5532,-40.065,0.9859,-40.059,0.9551,8.5207,1.6172,-40.075,0.9699,-40.069,0.987,8.5169,1.6172,-40.085,0.9744,-40.079,1.0193,8.5126,0.4603,-84.397,-2.5015,-84.409,-2.4717,0.0244,0.4078,-84.371,-2.7298,-84.384,-2.5581,0.0235,0.4757,-84.344,-2.8171,-84.358,-2.6455,0.0224,0.5313,-84.315,-2.8818,-84.331,-2.7341,0.0216,0.6117,-84.287,-2.7913,-84.304,-2.8236,0.0207,-0.6518,35.698,-4.7903,35.67,-4.7773,-0.3451,-0.6178,35.746,-4.9222,35.719,-4.9442,-0.3455,-0.556,35.798,-5.3204,35.769,-5.1133,-0.3459,-0.6549,35.851,-5.2376,35.821,-5.2844,-0.3461,-0.5808,35.905,-5.5951,35.875,-5.4575,-0.3465,0.5715,-36.817,-11.461,-36.873,-10.929,0.0017,0.6302,-36.701,-11.725,-36.762,-11.311,0.0017,0.6673,-36.583,-12.01,-36.647,-11.698,0.0017,0.6981,-36.463,-12.191,-36.528,-12.089,0.0017,0.6209,-36.338,-13.034,-36.405,-12.485,0.0017,0,1
-1.2489,-102.57,7.6897,-102.53,7.5813,-0.2257,-1.1208,-102.65,8.0084,-102.61,7.8522,-0.2286,-1.0568,-102.73,8.3067,-102.69,8.1267,-0.2316,-0.6405,-102.82,8.777,-102.77,8.4045,-0.2344,-1.0408,-102.9,8.8709,-102.86,8.6858,-0.2369,0.8326,9.3478,-2.1993,9.3387,-2.1787,-0.6598,0.7205,9.3704,-2.3311,9.3609,-2.2565,-0.678,0.7365,9.394,-2.4172,9.3839,-2.3354,-0.698,0.8326,9.4179,-2.4504,9.4076,-2.4153,-0.7183,0.6245,9.4431,-2.6408,9.4322,-2.4961,-0.7409,1.4411,-40.037,0.8937,-40.032,0.8615,8.529,1.4251,-40.046,0.963,-40.041,0.8923,8.5264,1.4571,-40.055,1.0014,-40.05,0.9235,8.5235,1.5532,-40.065,0.9859,-40.059,0.9551,8.5207,1.6172,-40.075,0.9699,-40.069,0.987,8.5169,0.4974,-84.421,-2.3669,-84.434,-2.3864,0.0252,0.4603,-84.397,-2.5015,-84.409,-2.4717,0.0244,0.4078,-84.371,-2.7298,-84.384,-2.5581,0.0235,0.4757,-84.344,-2.8171,-84.358,-2.6455,0.0224,0.5313,-84.315,-2.8818,-84.331,-2.7341,0.0216,-0.5035,35.649,-4.9105,35.623,-4.6124,-0.3448,-0.6518,35.698,-4.7903,35.67,-4.7773,-0.3451,-0.6178,35.746,-4.9222,35.719,-4.9442,-0.3455,-0.556,35.798,-5.3204,35.769,-5.1133,-0.3459,-0.6549,35.851,-5.2376,35.821,-5.2844,-0.3461,0.6086,-36.926,-10.846,-36.98,-10.552,0.0017,0.5715,-36.817,-11.461,-36.873,-10.929,0.0017,0.6302,-36.701,-11.725,-36.762,-11.311,0.0017,0.6673,-36.583,-12.01,-36.647,-11.698,0.0017,0.6981,-36.463,-12.191,-36.528,-12.089,0.0017,0,1
-1.2649,-102.5,7.4311,-102.46,7.3139,-0.2227,-1.2489,-102.57,7.6897,-102.53,7.5813,-0.2257,-1.1208,-102.65,8.0084,-102.61,7.8522,-0.2286,-1.0568,-102.73,8.3067,-102.69,8.1267,-0.2316,-0.6405,-102.82,8.777,-102.77,8.4045,-0.2344,0.7846,9.3263,-2.1379,9.3173,-2.1019,-0.6431,0.8326,9.3478,-2.1993,9.3387,-2.1787,-0.6598,0.7205,9.3704,-2.3311,9.3609,-2.2565,-0.678,0.7365,9.394,-2.4172,9.3839,-2.3354,-0.698,0.8326,9.4179,-2.4504,9.4076,-2.4153,-0.7183,1.4251,-40.028,0.8506,-40.024,0.8311,8.5312,1.4411,-40.037,0.8937,-40.032,0.8615,8.529,1.4251,-40.046,0.963,-40.041,0.8923,8.5264,1.4571,-40.055,1.0014,-40.05,0.9235,8.5235,1.5532,-40.065,0.9859,-40.059,0.9551,8.5207,0.4232,-84.445,-2.4217,-84.457,-2.3022,0.026,0.4974,-84.421,-2.3669,-84.434,-2.3864,0.0252,0.4603,-84.397,-2.5015,-84.409,-2.4717,0.0244,0.4078,-84.371,-2.7298,-84.384,-2.5581,0.0235,0.4757,-84.344,-2.8171,-84.358,-2.6455,0.0224,-0.5653,35.603,-4.5822,35.578,-4.4498,-0.3445,-0.5035,35.649,-4.9105,35.623,-4.6124,-0.3448,-0.6518,35.698,-4.7903,35.67,-4.7773,-0.3451,-0.6178,35.746,-4.9222,35.719,-4.9442,-0.3455,-0.556,35.798,-5.3204,35.769,-5.1133,-0.3459,0.5684,-37.033,-10.57,-37.084,-10.18,0.0017,0.6086,-36.926,-10.846,-36.98,-10.552,0.0017,0.5715,-36.817,-11.461,-36.873,-10.929,0.0017,0.6302,-36.701,-11.725,-36.762,-11.311,0.0017,0.6673,-36.583,-12.01,-36.647,-11.698,0.0017,0,1
-1.2009,-102.43,7.2065,-102.39,7.0503,-0.2195,-1.2649,-102.5,7.4311,-102.46,7.3139,-0.2227,-1.2489,-102.57,7.6897,-102.53,7.5813,-0.2257,-1.1208,-102.65,8.0084,-102.61,7.8522,-0.2286,-1.0568,-102.73,8.3067,-102.69,8.1267,-0.2316,0.6885,9.3054,-2.1118,9.2967,-2.0261,-0.6273,0.7846,9.3263,-2.1379,9.3173,-2.1019,-0.6431,0.8326,9.3478,-2.1993,9.3387,-2.1787,-0.6598,0.7205,9.3704,-2.3311,9.3609,-2.2565,-0.678,0.7365,9.394,-2.4172,9.3839,-2.3354,-0.698,1.4411,-40.02,0.8144,-40.016,0.8012,8.5334,1.4251,-40.028,0.8506,-40.024,0.8311,8.5312,1.4411,-40.037,0.8937,-40.032,0.8615,8.529,1.4251,-40.046,0.963,-40.041,0.8923,8.5264,1.4571,-40.055,1.0014,-40.05,0.9235,8.5235,0.4448,-84.469,-2.2644,-84.48,-2.2193,0.0268,0.4232,-84.445,-2.4217,-84.457,-2.3022,0.026,0.4974,-84.421,-2.3669,-84.434,-2.3864,0.0252,0.4603,-84.397,-2.5015,-84.409,-2.4717,0.0244,0.4078,-84.371,-2.7298,-84.384,-2.5581,0.0235,-0.5746,35.558,-4.4201,35.534,-4.2894,-0.3441,-0.5653,35.603,-4.5822,35.578,-4.4498,-0.3445,-0.5035,35.649,-4.9105,35.623,-4.6124,-0.3448,-0.6518,35.698,-4.7903,35.67,-4.7773,-0.3451,-0.6178,35.746,-4.9222,35.719,-4.9442,-0.3455,0.5869,-37.136,-10.024,-37.184,-9.8127,0.0017,0.5684,-37.033,-10.57,-37.084,-10.18,0.0017,0.6086,-36.926,-10.846,-36.98,-10.552,0.0017,0.5715,-36.817,-11.461,-36.873,-10.929,0.0017,0.6302,-36.701,-11.725,-36.762,-11.311,0.0017,0,1
-1.313,-102.36,6.8899,-102.32,6.7904,-0.2163,-1.2009,-102.43,7.2065,-102.39,7.0503,-0.2195,-1.2649,-102.5,7.4311,-102.46,7.3139,-0.2227,-1.2489,-102.57,7.6897,-102.53,7.5813,-0.2257,-1.1208,-102.65,8.0084,-102.61,7.8522,-0.2286,0.6565,9.2849,-2.0386,9.2768,-1.9514,-0.6121,0.6885,9.3054,-2.1118,9.2967,-2.0261,-0.6273,0.7846,9.3263,-2.1379,9.3173,-2.1019,-0.6431,0.8326,9.3478,-2.1993,9.3387,-2.1787,-0.6598,0.7205,9.3704,-2.3311,9.3609,-2.2565,-0.678,1.4571,-40.012,0.7832,-40.008,0.7716,8.5356,1.4411,-40.02,0.8144,-40.016,0.8012,8.5334,1.4251,-40.028,0.8506,-40.024,0.8311,8.5312,1.4411,-40.037,0.8937,-40.032,0.8615,8.529,1.4251,-40.046,0.963,-40.041,0.8923,8.5264,0.4665,-84.49,-2.1237,-84.501,-2.1374,0.0276,0.4448,-84.469,-2.2644,-84.48,-2.2193,0.0268,0.4232,-84.445,-2.4217,-84.457,-2.3022,0.026,0.4974,-84.421,-2.3669,-84.434,-2.3864,0.0252,0.4603,-84.397,-2.5015,-84.409,-2.4717,0.0244,-0.5715,35.515,-4.1899,35.492,-4.1313,-0.3438,-0.5746,35.558,-4.4201,35.534,-4.2894,-0.3441,-0.5653,35.603,-4.5822,35.578,-4.4498,-0.3445,-0.5035,35.649,-4.9105,35.623,-4.6124,-0.3448,-0.6518,35.698,-4.7903,35.67,-4.7773,-0.3451,0.5622,-37.234,-9.7569,-37.28,-9.451,0.0017,0.5869,-37.136,-10.024,-37.184,-9.8127,0.0017,0.5684,-37.033,-10.57,-37.084,-10.18,0.0017,0.6086,-36.926,-10.846,-36.98,-10.552,0.0017,0.5715,-36.817,-11.461,-36.873,-10.929,0.0017,0,1
-1.0248,-102.29,6.7557,-102.25,6.5344,-0.2131,-1.313,-102.36,6.8899,-102.32,6.7904,-0.2163,-1.2009,-102.43,7.2065,-102.39,7.0503,-0.2195,-1.2649,-102.5,7.4311,-102.46,7.3139,-0.2227,-1.2489,-102.57,7.6897,-102.53,7.5813,-0.2257,0.6085,9.2652,-1.9799,9.2576,-1.8778,-0.5979,0.6565,9.2849,-2.0386,9.2768,-1.9514,-0.6121,0.6885,9.3054,-2.1118,9.2967,-2.0261,-0.6273,0.7846,9.3263,-2.1379,9.3173,-2.1019,-0.6431,0.8326,9.3478,-2.1993,9.3387,-2.1787,-0.6598,1.5211,-40.004,0.7173,-40,0.7425,8.5375,1.4571,-40.012,0.7832,-40.008,0.7716,8.5356,1.4411,-40.02,0.8144,-40.016,0.8012,8.5334,1.4251,-40.028,0.8506,-40.024,0.8311,8.5312,1.4411,-40.037,0.8937,-40.032,0.8615,8.529,0.5313,-84.511,-1.9905,-84.522,-2.0569,0.0282,0.4665,-84.49,-2.1237,-84.501,-2.1374,0.0276,0.4448,-84.469,-2.2644,-84.48,-2.2193,0.0268,0.4232,-84.445,-2.4217,-84.457,-2.3022,0.026,0.4974,-84.421,-2.3669,-84.434,-2.3864,0.0252,-0.6611,35.475,-3.9356,35.452,-3.9755,-0.3435,-0.5715,35.515,-4.1899,35.492,-4.1313,-0.3438,-0.5746,35.558,-4.4201,35.534,-4.2894,-0.3441,-0.5653,35.603,-4.5822,35.578,-4.4498,-0.3445,-0.5035,35.649,-4.9105,35.623,-4.6124,-0.3448,0.5437,-37.329,-9.4029,-37.373,-9.0946,0.0017,0.5622,-37.234,-9.7569,-37.28,-9.451,0.0017,0.5869,-37.136,-10.024,-37.184,-9.8127,0.0017,0.5684,-37.033,-10.57,-37.084,-10.18,0.0017,0.6086,-36.926,-10.846,-36.98,-10.552,0.0017,0,1
-1.0568,-102.22,6.4927,-102.19,6.2823,-0.2099,-1.0248,-102.29,6.7557,-102.25,6.5344,-0.2131,-1.313,-102.36,6.8899,-102.32,6.7904,-0.2163,-1.2009,-102.43,7.2065,-102.39,7.0503,-0.2195,-1.2649,-102.5,7.4311,-102.46,7.3139,-0.2227,0.6565,9.2464,-1.8788,9.2392,-1.8054,-0.5857,0.6085,9.2652,-1.9799,9.2576,-1.8778,-0.5979,0.6565,9.2849,-2.0386,9.2768,-1.9514,-0.6121,0.6885,9.3054,-2.1118,9.2967,-2.0261,-0.6273,0.7846,9.3263,-2.1379,9.3173,-2.1019,-0.6431,1.4891,-39.997,0.738,-39.993,0.7139,8.539,1.5211,-40.004,0.7173,-40,0.7425,8.5375,1.4571,-40.012,0.7832,-40.008,0.7716,8.5356,1.4411,-40.02,0.8144,-40.016,0.8012,8.5334,1.4251,-40.028,0.8506,-40.024,0.8311,8.5312,0.4912,-84.531,-2.0887,-84.543,-1.9775,0.0288,0.5313,-84.511,-1.9905,-84.522,-2.0569,0.0282,0.4665,-84.49,-2.1237,-84.501,-2.1374,0.0276,0.4448,-84.469,-2.2644,-84.48,-2.2193,0.0268,0.4232,-84.445,-2.4217,-84.457,-2.3022,0.026,-0.5715,35.435,-3.9991,35.413,-3.8221,-0.3432,-0.6611,35.475,-3.9356,35.452,-3.9755,-0.3435,-0.5715,35.515,-4.1899,35.492,-4.1313,-0.3438,-0.5746,35.558,-4.4201,35.534,-4.2894,-0.3441,-0.5653,35.603,-4.5822,35.578,-4.4498,-0.3445,0.5128,-37.42,-9.1375,-37.462,-8.7438,0.0017,0.5437,-37.329,-9.4029,-37.373,-9.0946,0.0017,0.5622,-37.234,-9.7569,-37.28,-9.451,0.0017,0.5869,-37.136,-10.024,-37.184,-9.8127,0.0017,0.5684,-37.033,-10.57,-37.084,-10.18,0.0017,0,1
-0.9767,-102.16,6.2626,-102.13,6.0342,-0.2065,-1.0568,-102.22,6.4927,-102.19,6.2823,-0.2099,-1.0248,-102.29,6.7557,-102.25,6.5344,-0.2131,-1.313,-102.36,6.8899,-102.32,6.7904,-0.2163,-1.2009,-102.43,7.2065,-102.39,7.0503,-0.2195,0.7205,9.2287,-1.7815,9.2215,-1.7341,-0.5747,0.6565,9.2464,-1.8788,9.2392,-1.8054,-0.5857,0.6085,9.2652,-1.9799,9.2576,-1.8778,-0.5979,0.6565,9.2849,-2.0386,9.2768,-1.9514,-0.6121,0.6885,9.3054,-2.1118,9.2967,-2.0261,-0.6273,1.5692,-39.99,0.6696,-39.986,0.6857,8.5403,1.4891,-39.997,0.738,-39.993,0.7139,8.539,1.5211,-40.004,0.7173,-40,0.7425,8.5375,1.4571,-40.012,0.7832,-40.008,0.7716,8.5356,1.4411,-40.02,0.8144,-40.016,0.8012,8.5334,0.4726,-84.551,-2.0136,-84.562,-1.8994,0.0295,0.4912,-84.531,-2.0887,-84.543,-1.9775,0.0288,0.5313,-84.511,-1.9905,-84.522,-2.0569,0.0282,0.4665,-84.49,-2.1237,-84.501,-2.1374,0.0276,0.4448,-84.469,-2.2644,-84.48,-2.2193,0.0268,-0.4881,35.395,-3.8922,35.375,-3.6712,-0.343,-0.5715,35.435,-3.9991,35.413,-3.8221,-0.3432,-0.6611,35.475,-3.9356,35.452,-3.9755,-0.3435,-0.5715,35.515,-4.1899,35.492,-4.1313,-0.3438,-0.5746,35.558,-4.4201,35.534,-4.2894,-0.3441,0.5684,-37.507,-8.5316,-37.548,-8.3985,0.0017,0.5128,-37.42,-9.1375,-37.462,-8.7438,0.0017,0.5437,-37.329,-9.4029,-37.373,-9.0946,0.0017,0.5622,-37.234,-9.7569,-37.28,-9.451,0.0017,0.5869,-37.136,-10.024,-37.184,-9.8127,0.0017,0,1
-1.1849,-102.1,5.9039,-102.07,5.7901,-0.2031,-0.9767,-102.16,6.2626,-102.13,6.0342,-0.2065,-1.0568,-102.22,6.4927,-102.19,6.2823,-0.2099,-1.0248,-102.29,6.7557,-102.25,6.5344,-0.2131,-1.313,-102.36,6.8899,-102.32,6.7904,-0.2163,0.6885,9.2112,-1.7248,9.2045,-1.664,-0.5644,0.7205,9.2287,-1.7815,9.2215,-1.7341,-0.5747,0.6565,9.2464,-1.8788,9.2392,-1.8054,-0.5857,0.6085,9.2652,-1.9799,9.2576,-1.8778,-0.5979,0.6565,9.2849,-2.0386,9.2768,-1.9514,-0.6121,1.5211,-39.983,0.6726,-39.979,0.658,8.5414,1.5692,-39.99,0.6696,-39.986,0.6857,8.5403,1.4891,-39.997,0.738,-39.993,0.7139,8.539,1.5211,-40.004,0.7173,-40,0.7425,8.5375,1.4571,-40.012,0.7832,-40.008,0.7716,8.5356,0.4016,-84.571,-1.9772,-84.581,-1.8226,0.0301,0.4726,-84.551,-2.0136,-84.562,-1.8994,0.0295,0.4912,-84.531,-2.0887,-84.543,-1.9775,0.0288,0.5313,-84.511,-1.9905,-84.522,-2.0569,0.0282,0.4665,-84.49,-2.1237,-84.501,-2.1374,0.0276,-0.5746,35.358,-3.5371,35.339,-3.5227,-0.3427,-0.4881,35.395,-3.8922,35.375,-3.6712,-0.343,-0.5715,35.435,-3.9991,35.413,-3.8221,-0.3432,-0.6611,35.475,-3.9356,35.452,-3.9755,-0.3435,-0.5715,35.515,-4.1899,35.492,-4.1313,-0.3438,0.5622,-37.591,-8.17,-37.63,-8.0588,0.0017,0.5684,-37.507,-8.5316,-37.548,-8.3985,0.0017,0.5128,-37.42,-9.1375,-37.462,-8.7438,0.0017,0.5437,-37.329,-9.4029,-37.373,-9.0946,0.0017,0.5622,-37.234,-9.7569,-37.28,-9.451,0.0017,0,1
-0.9127,-102.04,5.7741,-102.01,5.5503,-0.1997,-1.1849,-102.1,5.9039,-102.07,5.7901,-0.2031,-0.9767,-102.16,6.2626,-102.13,6.0342,-0.2065,-1.0568,-102.22,6.4927,-102.19,6.2823,-0.2099,-1.0248,-102.29,6.7557,-102.25,6.5344,-0.2131,0.7846,9.1943,-1.5862,9.1883,-1.595,-0.5548,0.6885,9.2112,-1.7248,9.2045,-1.664,-0.5644,0.7205,9.2287,-1.7815,9.2215,-1.7341,-0.5747,0.6565,9.2464,-1.8788,9.2392,-1.8054,-0.5857,0.6085,9.2652,-1.9799,9.2576,-1.8778,-0.5979,1.5371,-39.977,0.6462,-39.973,0.6307,8.5425,1.5211,-39.983,0.6726,-39.979,0.658,8.5414,1.5692,-39.99,0.6696,-39.986,0.6857,8.5403,1.4891,-39.997,0.738,-39.993,0.7139,8.539,1.5211,-40.004,0.7173,-40,0.7425,8.5375,0.3769,-84.59,-1.8765,-84.599,-1.7471,0.0307,0.4016,-84.571,-1.9772,-84.581,-1.8226,0.0301,0.4726,-84.551,-2.0136,-84.562,-1.8994,0.0295,0.4912,-84.531,-2.0887,-84.543,-1.9775,0.0288,0.5313,-84.511,-1.9905,-84.522,-2.0569,0.0282,-0.5746,35.324,-3.5002,35.305,-3.3768,-0.3425,-0.5746,35.358,-3.5371,35.339,-3.5227,-0.3427,-0.4881,35.395,-3.8922,35.375,-3.6712,-0.343,-0.5715,35.435,-3.9991,35.413,-3.8221,-0.3432,-0.6611,35.475,-3.9356,35.452,-3.9755,-0.3435,0.5313,-37.671,-8.0192,-37.709,-7.725,0.0017,0.5622,-37.591,-8.17,-37.63,-8.0588,0.0017,0.5684,-37.507,-8.5316,-37.548,-8.3985,0.0017,0.5128,-37.42,-9.1375,-37.462,-8.7438,0.0017,0.5437,-37.329,-9.4029,-37.373,-9.0946,0.0017,0,1
-0.8967,-101.98,5.5296,-101.96,5.3147,-0.1961,-0.9127,-102.04,5.7741,-102.01,5.5503,-0.1997,-1.1849,-102.1,5.9039,-102.07,5.7901,-0.2031,-0.9767,-102.16,6.2626,-102.13,6.0342,-0.2065,-1.0568,-102.22,6.4927,-102.19,6.2823,-0.2099,0.6565,9.1783,-1.581,9.1726,-1.5273,-0.5468,0.7846,9.1943,-1.5862,9.1883,-1.595,-0.5548,0.6885,9.2112,-1.7248,9.2045,-1.664,-0.5644,0.7205,9.2287,-1.7815,9.2215,-1.7341,-0.5747,0.6565,9.2464,-1.8788,9.2392,-1.8054,-0.5857,1.5532,-39.97,0.6221,-39.966,0.6039,8.5431,1.5371,-39.977,0.6462,-39.973,0.6307,8.5425,1.5211,-39.983,0.6726,-39.979,0.658,8.5414,1.5692,-39.99,0.6696,-39.986,0.6857,8.5403,1.4891,-39.997,0.738,-39.993,0.7139,8.539,0.3769,-84.608,-1.7291,-84.616,-1.6729,0.0312,0.3769,-84.59,-1.8765,-84.599,-1.7471,0.0307,0.4016,-84.571,-1.9772,-84.581,-1.8226,0.0301,0.4726,-84.551,-2.0136,-84.562,-1.8994,0.0295,0.4912,-84.531,-2.0887,-84.543,-1.9775,0.0288,-0.519,35.29,-3.4424,35.272,-3.2334,-0.3422,-0.5746,35.324,-3.5002,35.305,-3.3768,-0.3425,-0.5746,35.358,-3.5371,35.339,-3.5227,-0.3427,-0.4881,35.395,-3.8922,35.375,-3.6712,-0.343,-0.5715,35.435,-3.9991,35.413,-3.8221,-0.3432,0.5066,-37.75,-7.6809,-37.785,-7.397,0.0017,0.5313,-37.671,-8.0192,-37.709,-7.725,0.0017,0.5622,-37.591,-8.17,-37.63,-8.0588,0.0017,0.5684,-37.507,-8.5316,-37.548,-8.3985,0.0017,0.5128,-37.42,-9.1375,-37.462,-8.7438,0.0017,0,1
-0.9447,-101.93,5.2547,-101.9,5.0833,-0.1925,-0.8967,-101.98,5.5296,-101.96,5.3147,-0.1961,-0.9127,-102.04,5.7741,-102.01,5.5503,-0.1997,-1.1849,-102.1,5.9039,-102.07,5.7901,-0.2031,-0.9767,-102.16,6.2626,-102.13,6.0342,-0.2065,0.7686,9.1632,-1.4616,9.1577,-1.4608,-0.5401,0.6565,9.1783,-1.581,9.1726,-1.5273,-0.5468,0.7846,9.1943,-1.5862,9.1883,-1.595,-0.5548,0.6885,9.2112,-1.7248,9.2045,-1.664,-0.5644,0.7205,9.2287,-1.7815,9.2215,-1.7341,-0.5747,1.5211,-39.964,0.6161,-39.961,0.5776,8.5435,1.5532,-39.97,0.6221,-39.966,0.6039,8.5431,1.5371,-39.977,0.6462,-39.973,0.6307,8.5425,1.5211,-39.983,0.6726,-39.979,0.658,8.5414,1.5692,-39.99,0.6696,-39.986,0.6857,8.5403,0.3985,-84.625,-1.6016,-84.632,-1.6001,0.0317,0.3769,-84.608,-1.7291,-84.616,-1.6729,0.0312,0.3769,-84.59,-1.8765,-84.599,-1.7471,0.0307,0.4016,-84.571,-1.9772,-84.581,-1.8226,0.0301,0.4726,-84.551,-2.0136,-84.562,-1.8994,0.0295,-0.5838,35.257,-3.1075,35.24,-3.0927,-0.342,-0.519,35.29,-3.4424,35.272,-3.2334,-0.3422,-0.5746,35.324,-3.5002,35.305,-3.3768,-0.3425,-0.5746,35.358,-3.5371,35.339,-3.5227,-0.3427,-0.4881,35.395,-3.8922,35.375,-3.6712,-0.343,0.4912,-37.825,-7.346,-37.857,-7.0751,0.0017,0.5066,-37.75,-7.6809,-37.785,-7.397,0.0017,0.5313,-37.671,-8.0192,-37.709,-7.725,0.0017,0.5622,-37.591,-8.17,-37.63,-8.0588,0.0017,0.5684,-37.507,-8.5316,-37.548,-8.3985,0.0017,0,1
-0.7045,-101.88,5.1204,-101.85,4.8564,-0.1888,-0.9447,-101.93,5.2547,-101.9,5.0833,-0.1925,-0.8967,-101.98,5.5296,-101.96,5.3147,-0.1961,-0.9127,-102.04,5.7741,-102.01,5.5503,-0.1997,-1.1849,-102.1,5.9039,-102.07,5.7901,-0.2031,0.6085,9.1486,-1.4654,9.1434,-1.3956,-0.5341,0.7686,9.1632,-1.4616,9.1577,-1.4608,-0.5401,0.6565,9.1783,-1.581,9.1726,-1.5273,-0.5468,0.7846,9.1943,-1.5862,9.1883,-1.595,-0.5548,0.6885,9.2112,-1.7248,9.2045,-1.664,-0.5644,1.4891,-39.958,0.5919,-39.955,0.5519,8.5437,1.5211,-39.964,0.6161,-39.961,0.5776,8.5435,1.5532,-39.97,0.6221,-39.966,0.6039,8.5431,1.5371,-39.977,0.6462,-39.973,0.6307,8.5425,1.5211,-39.983,0.6726,-39.979,0.658,8.5414,0.4541,-84.64,-1.4717,-84.648,-1.5287,0.0321,0.3985,-84.625,-1.6016,-84.632,-1.6001,0.0317,0.3769,-84.608,-1.7291,-84.616,-1.6729,0.0312,0.3769,-84.59,-1.8765,-84.599,-1.7471,0.0307,0.4016,-84.571,-1.9772,-84.581,-1.8226,0.0301,-0.6518,35.227,-2.8911,35.21,-2.9546,-0.3417,-0.5838,35.257,-3.1075,35.24,-3.0927,-0.342,-0.519,35.29,-3.4424,35.272,-3.2334,-0.3422,-0.5746,35.324,-3.5002,35.305,-3.3768,-0.3425,-0.5746,35.358,-3.5371,35.339,-3.5227,-0.3427,0.5962,-37.893,-6.6492,-37.926,-6.7592,0.0017,0.4912,-37.825,-7.346,-37.857,-7.0751,0.0017,0.5066,-37.75,-7.6809,-37.785,-7.397,0.0017,0.5313,-37.671,-8.0192,-37.709,-7.725,0.0017,0.5622,-37.591,-8.17,-37.63,-8.0588,0.0017,0,1
-0.8166,-101.83,4.8318,-101.81,4.6339,-0.1851,-0.7045,-101.88,5.1204,-101.85,4.8564,-0.1888,-0.9447,-101.93,5.2547,-101.9,5.0833,-0.1925,-0.8967,-101.98,5.5296,-101.96,5.3147,-0.1961,-0.9127,-102.04,5.7741,-102.01,5.5503,-0.1997,0.6085,9.1346,-1.3917,9.1298,-1.3317,-0.5294,0.6085,9.1486,-1.4654,9.1434,-1.3956,-0.5341,0.7686,9.1632,-1.4616,9.1577,-1.4608,-0.5401,0.6565,9.1783,-1.581,9.1726,-1.5273,-0.5468,0.7846,9.1943,-1.5862,9.1883,-1.595,-0.5548,1.4571,-39.953,0.5759,-39.95,0.5266,8.5436,1.4891,-39.958,0.5919,-39.955,0.5519,8.5437,1.5211,-39.964,0.6161,-39.961,0.5776,8.5435,1.5532,-39.97,0.6221,-39.966,0.6039,8.5431,1.5371,-39.977,0.6462,-39.973,0.6307,8.5425,0.4943,-84.654,-1.3954,-84.663,-1.4586,0.0326,0.4541,-84.64,-1.4717,-84.648,-1.5287,0.0321,0.3985,-84.625,-1.6016,-84.632,-1.6001,0.0317,0.3769,-84.608,-1.7291,-84.616,-1.6729,0.0312,0.3769,-84.59,-1.8765,-84.599,-1.7471,0.0307,-0.6147,35.198,-2.8985,35.181,-2.8193,-0.3415,-0.6518,35.227,-2.8911,35.21,-2.9546,-0.3417,-0.5838,35.257,-3.1075,35.24,-3.0927,-0.342,-0.519,35.29,-3.4424,35.272,-3.2334,-0.3422,-0.5746,35.324,-3.5002,35.305,-3.3768,-0.3425,0.5591,-37.96,-6.583,-37.992,-6.4496,0.0017,0.5962,-37.893,-6.6492,-37.926,-6.7592,0.0017,0.4912,-37.825,-7.346,-37.857,-7.0751,0.0017,0.5066,-37.75,-7.6809,-37.785,-7.397,0.0017,0.5313,-37.671,-8.0192,-37.709,-7.725,0.0017,0,1
-0.9287,-101.78,4.5373,-101.76,4.4159,-0.1813,-0.8166,-101.83,4.8318,-101.81,4.6339,-0.1851,-0.7045,-101.88,5.1204,-101.85,4.8564,-0.1888,-0.9447,-101.93,5.2547,-101.9,5.0833,-0.1925,-0.8967,-101.98,5.5296,-101.96,5.3147,-0.1961,0.5284,9.1208,-1.3562,9.1168,-1.269,-0.5251,0.6085,9.1346,-1.3917,9.1298,-1.3317,-0.5294,0.6085,9.1486,-1.4654,9.1434,-1.3956,-0.5341,0.7686,9.1632,-1.4616,9.1577,-1.4608,-0.5401,0.6565,9.1783,-1.581,9.1726,-1.5273,-0.5468,1.4571,-39.947,0.5276,-39.944,0.5018,8.5435,1.4571,-39.953,0.5759,-39.95,0.5266,8.5436,1.4891,-39.958,0.5919,-39.955,0.5519,8.5437,1.5211,-39.964,0.6161,-39.961,0.5776,8.5435,1.5532,-39.97,0.6221,-39.966,0.6039,8.5431,0.4757,-84.668,-1.4134,-84.677,-1.39,0.033,0.4943,-84.654,-1.3954,-84.663,-1.4586,0.0326,0.4541,-84.64,-1.4717,-84.648,-1.5287,0.0321,0.3985,-84.625,-1.6016,-84.632,-1.6001,0.0317,0.3769,-84.608,-1.7291,-84.616,-1.6729,0.0312,-0.553,35.169,-2.8094,35.153,-2.6866,-0.3413,-0.6147,35.198,-2.8985,35.181,-2.8193,-0.3415,-0.6518,35.227,-2.8911,35.21,-2.9546,-0.3417,-0.5838,35.257,-3.1075,35.24,-3.0927,-0.342,-0.519,35.29,-3.4424,35.272,-3.2334,-0.3422,0.5066,-38.023,-6.5077,-38.055,-6.1462,0.0017,0.5591,-37.96,-6.583,-37.992,-6.4496,0.0017,0.5962,-37.893,-6.6492,-37.926,-6.7592,0.0017,0.4912,-37.825,-7.346,-37.857,-7.0751,0.0017,0.5066,-37.75,-7.6809,-37.785,-7.397,0.0017,0,1
-0.8006,-101.74,4.3707,-101.72,4.2025,-0.1775,-0.9287,-101.78,4.5373,-101.76,4.4159,-0.1813,-0.8166,-101.83,4.8318,-101.81,4.6339,-0.1851,-0.7045,-101.88,5.1204,-101.85,4.8564,-0.1888,-0.9447,-101.93,5.2547,-101.9,5.0833,-0.1925,0.6245,9.108,-1.2355,9.1044,-1.2077,-0.5221,0.5284,9.1208,-1.3562,9.1168,-1.269,-0.5251,0.6085,9.1346,-1.3917,9.1298,-1.3317,-0.5294,0.6085,9.1486,-1.4654,9.1434,-1.3956,-0.5341,0.7686,9.1632,-1.4616,9.1577,-1.4608,-0.5401,1.4091,-39.942,0.528,-39.939,0.4776,8.5431,1.4571,-39.947,0.5276,-39.944,0.5018,8.5435,1.4571,-39.953,0.5759,-39.95,0.5266,8.5436,1.4891,-39.958,0.5919,-39.955,0.5519,8.5437,1.5211,-39.964,0.6161,-39.961,0.5776,8.5435,0.4448,-84.683,-1.4028,-84.69,-1.3229,0.0333,0.4757,-84.668,-1.4134,-84.677,-1.39,0.033,0.4943,-84.654,-1.3954,-84.663,-1.4586,0.0326,0.4541,-84.64,-1.4717,-84.648,-1.5287,0.0321,0.3985,-84.625,-1.6016,-84.632,-1.6001,0.0317,-0.5097,35.141,-2.679,35.127,-2.5568,-0.3411,-0.553,35.169,-2.8094,35.153,-2.6866,-0.3413,-0.6147,35.198,-2.8985,35.181,-2.8193,-0.3415,-0.6518,35.227,-2.8911,35.21,-2.9546,-0.3417,-0.5838,35.257,-3.1075,35.24,-3.0927,-0.342,0.5159,-38.086,-6.0649,-38.115,-5.8492,0.0016,0.5066,-38.023,-6.5077,-38.055,-6.1462,0.0017,0.5591,-37.96,-6.583,-37.992,-6.4496,0.0017,0.5962,-37.893,-6.6492,-37.926,-6.7592,0.0017,0.4912,-37.825,-7.346,-37.857,-7.0751,0.0017,0,1
-0.7205,-101.69,4.1755,-101.68,3.9938,-0.1736,-0.8006,-101.74,4.3707,-101.72,4.2025,-0.1775,-0.9287,-101.78,4.5373,-101.76,4.4159,-0.1813,-0.8166,-101.83,4.8318,-101.81,4.6339,-0.1851,-0.7045,-101.88,5.1204,-101.85,4.8564,-0.1888,0.6885,9.096,-1.1464,9.0926,-1.1477,-0.5204,0.6245,9.108,-1.2355,9.1044,-1.2077,-0.5221,0.5284,9.1208,-1.3562,9.1168,-1.269,-0.5251,0.6085,9.1346,-1.3917,9.1298,-1.3317,-0.5294,0.6085,9.1486,-1.4654,9.1434,-1.3956,-0.5341,1.393,-39.937,0.4901,-39.935,0.4538,8.5424,1.4091,-39.942,0.528,-39.939,0.4776,8.5431,1.4571,-39.947,0.5276,-39.944,0.5018,8.5435,1.4571,-39.953,0.5759,-39.95,0.5266,8.5436,1.4891,-39.958,0.5919,-39.955,0.5519,8.5437,0.4232,-84.697,-1.3374,-84.703,-1.2571,0.0337,0.4448,-84.683,-1.4028,-84.69,-1.3229,0.0333,0.4757,-84.668,-1.4134,-84.677,-1.39,0.033,0.4943,-84.654,-1.3954,-84.663,-1.4586,0.0326,0.4541,-84.64,-1.4717,-84.648,-1.5287,0.0321,-0.5468,35.115,-2.4596,35.102,-2.4298,-0.3409,-0.5097,35.141,-2.679,35.127,-2.5568,-0.3411,-0.553,35.169,-2.8094,35.153,-2.6866,-0.3413,-0.6147,35.198,-2.8985,35.181,-2.8193,-0.3415,-0.6518,35.227,-2.8911,35.21,-2.9546,-0.3417,0.5653,-38.144,-5.6059,-38.172,-5.5586,0.0016,0.5159,-38.086,-6.0649,-38.115,-5.8492,0.0016,0.5066,-38.023,-6.5077,-38.055,-6.1462,0.0017,0.5591,-37.96,-6.583,-37.992,-6.4496,0.0017,0.5962,-37.893,-6.6492,-37.926,-6.7592,0.0017,0,1
-0.5764,-101.65,4.0197,-101.64,3.7898,-0.1697,-0.7205,-101.69,4.1755,-101.68,3.9938,-0.1736,-0.8006,-101.74,4.3707,-101.72,4.2025,-0.1775,-0.9287,-101.78,4.5373,-101.76,4.4159,-0.1813,-0.8166,-101.83,4.8318,-101.81,4.6339,-0.1851,0.7686,9.0851,-1.0577,9.0814,-1.0891,-0.5203,0.6885,9.096,-1.1464,9.0926,-1.1477,-0.5204,0.6245,9.108,-1.2355,9.1044,-1.2077,-0.5221,0.5284,9.1208,-1.3562,9.1168,-1.269,-0.5251,0.6085,9.1346,-1.3917,9.1298,-1.3317,-0.5294,1.377,-39.932,0.4576,-39.93,0.4306,8.5414,1.393,-39.937,0.4901,-39.935,0.4538,8.5424,1.4091,-39.942,0.528,-39.939,0.4776,8.5431,1.4571,-39.947,0.5276,-39.944,0.5018,8.5435,1.4571,-39.953,0.5759,-39.95,0.5266,8.5436,0.4109,-84.71,-1.2539,-84.716,-1.1929,0.034,0.4232,-84.697,-1.3374,-84.703,-1.2571,0.0337,0.4448,-84.683,-1.4028,-84.69,-1.3229,0.0333,0.4757,-84.668,-1.4134,-84.677,-1.39,0.033,0.4943,-84.654,-1.3954,-84.663,-1.4586,0.0326,-0.624,35.092,-2.2584,35.079,-2.3057,-0.3407,-0.5468,35.115,-2.4596,35.102,-2.4298,-0.3409,-0.5097,35.141,-2.679,35.127,-2.5568,-0.3411,-0.553,35.169,-2.8094,35.153,-2.6866,-0.3413,-0.6147,35.198,-2.8985,35.181,-2.8193,-0.3415,0.5221,-38.199,-5.568,-38.226,-5.2747,0.0016,0.5653,-38.144,-5.6059,-38.172,-5.5586,0.0016,0.5159,-38.086,-6.0649,-38.115,-5.8492,0.0016,0.5066,-38.023,-6.5077,-38.055,-6.1462,0.0017,0.5591,-37.96,-6.583,-37.992,-6.4496,0.0017,0,1
-0.9287,-101.62,3.6413,-101.6,3.5905,-0.1657,-0.5764,-101.65,4.0197,-101.64,3.7898,-0.1697,-0.7205,-101.69,4.1755,-101.68,3.9938,-0.1736,-0.8006,-101.74,4.3707,-101.72,4.2025,-0.1775,-0.9287,-101.78,4.5373,-101.76,4.4159,-0.1813,0.8486,9.0748,-0.9735,9.0708,-1.0318,-0.5214,0.7686,9.0851,-1.0577,9.0814,-1.0891,-0.5203,0.6885,9.096,-1.1464,9.0926,-1.1477,-0.5204,0.6245,9.108,-1.2355,9.1044,-1.2077,-0.5221,0.5284,9.1208,-1.3562,9.1168,-1.269,-0.5251,1.361,-39.928,0.4325,-39.926,0.408,8.5401,1.377,-39.932,0.4576,-39.93,0.4306,8.5414,1.393,-39.937,0.4901,-39.935,0.4538,8.5424,1.4091,-39.942,0.528,-39.939,0.4776,8.5431,1.4571,-39.947,0.5276,-39.944,0.5018,8.5435,0.4047,-84.722,-1.1777,-84.727,-1.1302,0.0344,0.4109,-84.71,-1.2539,-84.716,-1.1929,0.034,0.4232,-84.697,-1.3374,-84.703,-1.2571,0.0337,0.4448,-84.683,-1.4028,-84.69,-1.3229,0.0333,0.4757,-84.668,-1.4134,-84.677,-1.39,0.033,-0.59,35.069,-2.2644,35.056,-2.1845,-0.3406,-0.624,35.092,-2.2584,35.079,-2.3057,-0.3407,-0.5468,35.115,-2.4596,35.102,-2.4298,-0.3409,-0.5097,35.141,-2.679,35.127,-2.5568,-0.3411,-0.553,35.169,-2.8094,35.153,-2.6866,-0.3413,0.5159,-38.252,-5.2324,-38.278,-4.9973,0.0016,0.5221,-38.199,-5.568,-38.226,-5.2747,0.0016,0.5653,-38.144,-5.6059,-38.172,-5.5586,0.0016,0.5159,-38.086,-6.0649,-38.115,-5.8492,0.0016,0.5066,-38.023,-6.5077,-38.055,-6.1462,0.0017,0,1
-0.7846,-101.59,3.5902,-101.58,3.4733,-0.1633,-0.9287,-101.62,3.6413,-101.6,3.5905,-0.1657,-0.5764,-101.65,4.0197,-101.64,3.7898,-0.1697,-0.7205,-101.69,4.1755,-101.68,3.9938,-0.1736,-0.8006,-101.74,4.3707,-101.72,4.2025,-0.1775,0.8166,9.0689,-0.9669,9.0647,-0.9981,-0.5222,0.8486,9.0748,-0.9735,9.0708,-1.0318,-0.5214,0.7686,9.0851,-1.0577,9.0814,-1.0891,-0.5203,0.6885,9.096,-1.1464,9.0926,-1.1477,-0.5204,0.6245,9.108,-1.2355,9.1044,-1.2077,-0.5221,1.361,-39.925,0.4168,-39.924,0.3947,8.5394,1.361,-39.928,0.4325,-39.926,0.408,8.5401,1.377,-39.932,0.4576,-39.93,0.4306,8.5414,1.393,-39.937,0.4901,-39.935,0.4538,8.5424,1.4091,-39.942,0.528,-39.939,0.4776,8.5431,0.4109,-84.728,-1.1098,-84.734,-1.0933,0.0345,0.4047,-84.722,-1.1777,-84.727,-1.1302,0.0344,0.4109,-84.71,-1.2539,-84.716,-1.1929,0.034,0.4232,-84.697,-1.3374,-84.703,-1.2571,0.0337,0.4448,-84.683,-1.4028,-84.69,-1.3229,0.0333,-0.5468,35.056,-2.2752,35.043,-2.1131,-0.3405,-0.59,35.069,-2.2644,35.056,-2.1845,-0.3406,-0.624,35.092,-2.2584,35.079,-2.3057,-0.3407,-0.5468,35.115,-2.4596,35.102,-2.4298,-0.3409,-0.5097,35.141,-2.679,35.127,-2.5568,-0.3411,0.5159,-38.283,-5.0419,-38.307,-4.8342,0.0016,0.5159,-38.252,-5.2324,-38.278,-4.9973,0.0016,0.5221,-38.199,-5.568,-38.226,-5.2747,0.0016,0.5653,-38.144,-5.6059,-38.172,-5.5586,0.0016,0.5159,-38.086,-6.0649,-38.115,-5.8492,0.0016,0,1
-0.8326,-101.58,3.4931,-101.57,3.3961,-0.1616,-0.7846,-101.59,3.5902,-101.58,3.4733,-0.1633,-0.9287,-101.62,3.6413,-101.6,3.5905,-0.1657,-0.5764,-101.65,4.0197,-101.64,3.7898,-0.1697,-0.7205,-101.69,4.1755,-101.68,3.9938,-0.1736,0.8326,9.0651,-0.948,9.0608,-0.976,-0.5231,0.8166,9.0689,-0.9669,9.0647,-0.9981,-0.5222,0.8486,9.0748,-0.9735,9.0708,-1.0318,-0.5214,0.7686,9.0851,-1.0577,9.0814,-1.0891,-0.5203,0.6885,9.096,-1.1464,9.0926,-1.1477,-0.5204,1.345,-39.923,0.416,-39.922,0.3859,8.5388,1.361,-39.925,0.4168,-39.924,0.3947,8.5394,1.361,-39.928,0.4325,-39.926,0.408,8.5401,1.377,-39.932,0.4576,-39.93,0.4306,8.5414,1.393,-39.937,0.4901,-39.935,0.4538,8.5424,0.4356,-84.733,-1.0501,-84.738,-1.069,0.0346,0.4109,-84.728,-1.1098,-84.734,-1.0933,0.0345,0.4047,-84.722,-1.1777,-84.727,-1.1302,0.0344,0.4109,-84.71,-1.2539,-84.716,-1.1929,0.034,0.4232,-84.697,-1.3374,-84.703,-1.2571,0.0337,-0.556,35.047,-2.1918,35.035,-2.0662,-0.3404,-0.5468,35.056,-2.2752,35.043,-2.1131,-0.3405,-0.59,35.069,-2.2644,35.056,-2.1845,-0.3406,-0.624,35.092,-2.2584,35.079,-2.3057,-0.3407,-0.5468,35.115,-2.4596,35.102,-2.4298,-0.3409,0.5097,-38.303,-4.9457,-38.326,-4.7267,0.0016,0.5159,-38.283,-5.0419,-38.307,-4.8342,0.0016,0.5159,-38.252,-5.2324,-38.278,-4.9973,0.0016,0.5221,-38.199,-5.568,-38.226,-5.2747,0.0016,0.5653,-38.144,-5.6059,-38.172,-5.5586,0.0016,0,1
-0.8486,-101.55,3.2809,-101.53,3.2066,-0.1575,-0.8326,-101.58,3.4931,-101.57,3.3961,-0.1616,-0.7846,-101.59,3.5902,-101.58,3.4733,-0.1633,-0.9287,-101.62,3.6413,-101.6,3.5905,-0.1657,-0.5764,-101.65,4.0197,-101.64,3.7898,-0.1697,0.7846,9.0557,-0.9155,9.0513,-0.9215,-0.5252,0.8326,9.0651,-0.948,9.0608,-0.976,-0.5231,0.8166,9.0689,-0.9669,9.0647,-0.9981,-0.5222,0.8486,9.0748,-0.9735,9.0708,-1.0318,-0.5214,0.7686,9.0851,-1.0577,9.0814,-1.0891,-0.5203,1.377,-39.92,0.3682,-39.918,0.3644,8.5374,1.345,-39.923,0.416,-39.922,0.3859,8.5388,1.361,-39.925,0.4168,-39.924,0.3947,8.5394,1.361,-39.928,0.4325,-39.926,0.408,8.5401,1.377,-39.932,0.4576,-39.93,0.4306,8.5414,0.4541,-84.743,-0.9853,-84.749,-1.0094,0.0349,0.4356,-84.733,-1.0501,-84.738,-1.069,0.0346,0.4109,-84.728,-1.1098,-84.734,-1.0933,0.0345,0.4047,-84.722,-1.1777,-84.727,-1.1302,0.0344,0.4109,-84.71,-1.2539,-84.716,-1.1929,0.034,-0.5252,35.026,-2.0755,35.015,-1.9509,-0.3402,-0.556,35.047,-2.1918,35.035,-2.0662,-0.3404,-0.5468,35.056,-2.2752,35.043,-2.1131,-0.3405,-0.59,35.069,-2.2644,35.056,-2.1845,-0.3406,-0.624,35.092,-2.2584,35.079,-2.3057,-0.3407,0.6024,-38.349,-4.3275,-38.372,-4.463,0.0016,0.5097,-38.303,-4.9457,-38.326,-4.7267,0.0016,0.5159,-38.283,-5.0419,-38.307,-4.8342,0.0016,0.5159,-38.252,-5.2324,-38.278,-4.9973,0.0016,0.5221,-38.199,-5.568,-38.226,-5.2747,0.0016,0,1
-0.7526,-101.51,3.1304,-101.5,3.022,-0.1533,-0.8486,-101.55,3.2809,-101.53,3.2066,-0.1575,-0.8326,-101.58,3.4931,-101.57,3.3961,-0.1616,-0.7846,-101.59,3.5902,-101.58,3.4733,-0.1633,-0.9287,-101.62,3.6413,-101.6,3.5905,-0.1657,0.7205,9.0465,-0.8897,9.0424,-0.8685,-0.5279,0.7846,9.0557,-0.9155,9.0513,-0.9215,-0.5252,0.8326,9.0651,-0.948,9.0608,-0.976,-0.5231,0.8166,9.0689,-0.9669,9.0647,-0.9981,-0.5222,0.8486,9.0748,-0.9735,9.0708,-1.0318,-0.5214,1.361,-39.916,0.3631,-39.915,0.3434,8.5359,1.377,-39.92,0.3682,-39.918,0.3644,8.5374,1.345,-39.923,0.416,-39.922,0.3859,8.5388,1.361,-39.925,0.4168,-39.924,0.3947,8.5394,1.361,-39.928,0.4325,-39.926,0.408,8.5401,0.4788,-84.752,-0.9409,-84.758,-0.9513,0.0351,0.4541,-84.743,-0.9853,-84.749,-1.0094,0.0349,0.4356,-84.733,-1.0501,-84.738,-1.069,0.0346,0.4109,-84.728,-1.1098,-84.734,-1.0933,0.0345,0.4047,-84.722,-1.1777,-84.727,-1.1302,0.0344,-0.5653,35.006,-1.8483,34.996,-1.8386,-0.34,-0.5252,35.026,-2.0755,35.015,-1.9509,-0.3402,-0.556,35.047,-2.1918,35.035,-2.0662,-0.3404,-0.5468,35.056,-2.2752,35.043,-2.1131,-0.3405,-0.59,35.069,-2.2644,35.056,-2.1845,-0.3406,0.6364,-38.39,-4.1159,-38.416,-4.2061,0.0016,0.6024,-38.349,-4.3275,-38.372,-4.463,0.0016,0.5097,-38.303,-4.9457,-38.326,-4.7267,0.0016,0.5159,-38.283,-5.0419,-38.307,-4.8342,0.0016,0.5159,-38.252,-5.2324,-38.278,-4.9973,0.0016,0,1
-0.5764,-101.48,3.0307,-101.47,2.8425,-0.1491,-0.7526,-101.51,3.1304,-101.5,3.022,-0.1533,-0.8486,-101.55,3.2809,-101.53,3.2066,-0.1575,-0.8326,-101.58,3.4931,-101.57,3.3961,-0.1616,-0.7846,-101.59,3.5902,-101.58,3.4733,-0.1633,0.6405,9.0375,-0.8653,9.0339,-0.8169,-0.5308,0.7205,9.0465,-0.8897,9.0424,-0.8685,-0.5279,0.7846,9.0557,-0.9155,9.0513,-0.9215,-0.5252,0.8326,9.0651,-0.948,9.0608,-0.976,-0.5231,0.8166,9.0689,-0.9669,9.0647,-0.9981,-0.5222,1.4251,-39.913,0.3129,-39.912,0.323,8.5345,1.361,-39.916,0.3631,-39.915,0.3434,8.5359,1.377,-39.92,0.3682,-39.918,0.3644,8.5374,1.345,-39.923,0.416,-39.922,0.3859,8.5388,1.361,-39.925,0.4168,-39.924,0.3947,8.5394,0.5375,-84.761,-0.8386,-84.767,-0.8947,0.0352,0.4788,-84.752,-0.9409,-84.758,-0.9513,0.0351,0.4541,-84.743,-0.9853,-84.749,-1.0094,0.0349,0.4356,-84.733,-1.0501,-84.738,-1.069,0.0346,0.4109,-84.728,-1.1098,-84.734,-1.0933,0.0345,-0.5869,34.988,-1.7386,34.978,-1.7294,-0.3399,-0.5653,35.006,-1.8483,34.996,-1.8386,-0.34,-0.5252,35.026,-2.0755,35.015,-1.9509,-0.3402,-0.556,35.047,-2.1918,35.035,-2.0662,-0.3404,-0.5468,35.056,-2.2752,35.043,-2.1131,-0.3405,0.5808,-38.432,-4.1791,-38.456,-3.9562,0.0016,0.6364,-38.39,-4.1159,-38.416,-4.2061,0.0016,0.6024,-38.349,-4.3275,-38.372,-4.463,0.0016,0.5097,-38.303,-4.9457,-38.326,-4.7267,0.0016,0.5159,-38.283,-5.0419,-38.307,-4.8342,0.0016,0,1
