2.1136,131.28,-25.032,131.13,-25.3,-1.4568,1.7133,131.53,-24.86,131.38,-24.884,-1.4842,2.3538,131.77,-24.13,131.63,-24.461,-1.5111,2.8661,132.01,-23.406,131.87,-24.034,-1.5408,2.5619,132.24,-23.018,132.11,-23.6,-1.5674,-5.2359,-21.89,2.52,-21.875,2.5189,45.385,-5.0598,-21.915,2.5701,-21.9,2.4774,45.425,-5.0438,-21.941,2.5696,-21.925,2.4354,45.458,-5.412,-21.966,2.3677,-21.949,2.3928,45.487,-5.5882,-21.989,2.2221,-21.973,2.3497,45.523,3.2184,-54.74,6.4682,-54.704,6.4345,21.989,3.4105,-54.803,6.2047,-54.768,6.3286,22.005,3.2184,-54.866,6.2962,-54.83,6.2212,22.018,3.2024,-54.927,6.1854,-54.892,6.1124,22.03,3.6667,-54.987,5.7408,-54.953,6.0023,22.044,-0.3305,-47.081,5.9256,-47.046,5.9854,-2.179,-0.2811,-47.139,5.8638,-47.105,5.8869,-2.1757,-0.3367,-47.197,5.6937,-47.164,5.787,-2.1674,-0.2718,-47.254,5.6904,-47.221,5.6858,-2.1638,-0.346,-47.309,5.3913,-47.277,5.5833,-2.1635,0.6456,49.283,5.4093,49.312,5.5874,0.1922,0.5869,49.228,5.4338,49.257,5.4955,0.1929,0.6364,49.173,5.2915,49.203,5.4022,0.1939,0.6487,49.121,5.0616,49.149,5.3077,0.1941,0.553,49.069,5.1981,49.096,5.2121,0.1942,0.831,75.145,-22.192,75.013,-22.336,-0.0029,0.8063,75.365,-21.919,75.234,-21.968,-0.003,0.8279,75.582,-21.523,75.452,-21.595,-0.0024,0.8557,75.795,-21.084,75.666,-21.218,-0.0027,0.902,76.004,-20.441,75.876,-20.835,-0.0033,0,1
1.4411,131.02,-25.709,130.87,-25.71,-1.425,2.1136,131.28,-25.032,131.13,-25.3,-1.4568,1.7133,131.53,-24.86,131.38,-24.884,-1.4842,2.3538,131.77,-24.13,131.63,-24.461,-1.5111,2.8661,132.01,-23.406,131.87,-24.034,-1.5408,-4.9797,-21.864,2.6634,-21.85,2.5597,45.349,-5.2359,-21.89,2.52,-21.875,2.5189,45.385,-5.0598,-21.915,2.5701,-21.9,2.4774,45.425,-5.0438,-21.941,2.5696,-21.925,2.4354,45.458,-5.412,-21.966,2.3677,-21.949,2.3928,45.487,3.1223,-54.675,6.558,-54.639,6.5389,21.974,3.2184,-54.74,6.4682,-54.704,6.4345,21.989,3.4105,-54.803,6.2047,-54.768,6.3286,22.005,3.2184,-54.866,6.2962,-54.83,6.2212,22.018,3.2024,-54.927,6.1854,-54.892,6.1124,22.03,-0.2502,-47.02,6.1271,-46.986,6.0824,-2.1837,-0.3305,-47.081,5.9256,-47.046,5.9854,-2.179,-0.2811,-47.139,5.8638,-47.105,5.8869,-2.1757,-0.3367,-47.197,5.6937,-47.164,5.787,-2.1674,-0.2718,-47.254,5.6904,-47.221,5.6858,-2.1638,0.5777,49.338,5.6904,49.369,5.678,0.1918,0.6456,49.283,5.4093,49.312,5.5874,0.1922,0.5869,49.228,5.4338,49.257,5.4955,0.1929,0.6364,49.173,5.2915,49.203,5.4022,0.1939,0.6487,49.121,5.0616,49.149,5.3077,0.1941,0.8495,74.922,-22.489,74.787,-22.698,-0.0027,0.831,75.145,-22.192,75.013,-22.336,-0.0029,0.8063,75.365,-21.919,75.234,-21.968,-0.003,0.8279,75.582,-21.523,75.452,-21.595,-0.0024,0.8557,75.795,-21.084,75.666,-21.218,-0.0027,0,1
1.7293,130.76,-25.937,130.61,-26.114,-1.3978,1.4411,131.02,-25.709,130.87,-25.71,-1.425,2.1136,131.28,-25.032,131.13,-25.3,-1.4568,1.7133,131.53,-24.86,131.38,-24.884,-1.4842,2.3538,131.77,-24.13,131.63,-24.461,-1.5111,-5.3,-21.838,2.5373,-21.824,2.5999,45.307,-4.9797,-21.864,2.6634,-21.85,2.5597,45.349,-5.2359,-21.89,2.52,-21.875,2.5189,45.385,-5.0598,-21.915,2.5701,-21.9,2.4774,45.425,-5.0438,-21.941,2.5696,-21.925,2.4354,45.458,3.4266,-54.609,6.4445,-54.573,6.6415,21.959,3.1223,-54.675,6.558,-54.639,6.5389,21.974,3.2184,-54.74,6.4682,-54.704,6.4345,21.989,3.4105,-54.803,6.2047,-54.768,6.3286,22.005,3.2184,-54.866,6.2962,-54.83,6.2212,22.018,-0.244,-46.959,6.1727,-46.924,6.1779,-2.1919,-0.2502,-47.02,6.1271,-46.986,6.0824,-2.1837,-0.3305,-47.081,5.9256,-47.046,5.9854,-2.179,-0.2811,-47.139,5.8638,-47.105,5.8869,-2.1757,-0.3367,-47.197,5.6937,-47.164,5.787,-2.1674,0.624,49.395,5.6842,49.426,5.7672,0.1906,0.5777,49.338,5.6904,49.369,5.678,0.1918,0.6456,49.283,5.4093,49.312,5.5874,0.1922,0.5869,49.228,5.4338,49.257,5.4955,0.1929,0.6364,49.173,5.2915,49.203,5.4022,0.1939,0.8989,74.696,-22.649,74.559,-23.054,-0.0034,0.8495,74.922,-22.489,74.787,-22.698,-0.0027,0.831,75.145,-22.192,75.013,-22.336,-0.0029,0.8063,75.365,-21.919,75.234,-21.968,-0.003,0.8279,75.582,-21.523,75.452,-21.595,-0.0024,0,1
2.2257,130.5,-26.116,130.35,-26.511,-1.3667,1.7293,130.76,-25.937,130.61,-26.114,-1.3978,1.4411,131.02,-25.709,130.87,-25.71,-1.425,2.1136,131.28,-25.032,131.13,-25.3,-1.4568,1.7133,131.53,-24.86,131.38,-24.884,-1.4842,-5.412,-21.813,2.547,-21.798,2.6394,45.261,-5.3,-21.838,2.5373,-21.824,2.5999,45.307,-4.9797,-21.864,2.6634,-21.85,2.5597,45.349,-5.2359,-21.89,2.52,-21.875,2.5189,45.385,-5.0598,-21.915,2.5701,-21.9,2.4774,45.425,3.2985,-54.544,6.7809,-54.506,6.7425,21.941,3.4266,-54.609,6.4445,-54.573,6.6415,21.959,3.1223,-54.675,6.558,-54.639,6.5389,21.974,3.2184,-54.74,6.4682,-54.704,6.4345,21.989,3.4105,-54.803,6.2047,-54.768,6.3286,22.005,-0.1915,-46.897,6.3687,-46.862,6.2718,-2.1936,-0.244,-46.959,6.1727,-46.924,6.1779,-2.1919,-0.2502,-47.02,6.1271,-46.986,6.0824,-2.1837,-0.3305,-47.081,5.9256,-47.046,5.9854,-2.179,-0.2811,-47.139,5.8638,-47.105,5.8869,-2.1757,0.5838,49.452,5.9696,49.484,5.8548,0.1902,0.624,49.395,5.6842,49.426,5.7672,0.1906,0.5777,49.338,5.6904,49.369,5.678,0.1918,0.6456,49.283,5.4093,49.312,5.5874,0.1922,0.5869,49.228,5.4338,49.257,5.4955,0.1929,0.8959,74.467,-23.109,74.326,-23.404,-0.0028,0.8989,74.696,-22.649,74.559,-23.054,-0.0034,0.8495,74.922,-22.489,74.787,-22.698,-0.0027,0.831,75.145,-22.192,75.013,-22.336,-0.0029,0.8063,75.365,-21.919,75.234,-21.968,-0.003,0,1
2.5299,130.24,-26.399,130.08,-26.901,-1.3302,2.2257,130.5,-26.116,130.35,-26.511,-1.3667,1.7293,130.76,-25.937,130.61,-26.114,-1.3978,1.4411,131.02,-25.709,130.87,-25.71,-1.425,2.1136,131.28,-25.032,131.13,-25.3,-1.4568,-5.0758,-21.787,2.7396,-21.771,2.6782,45.223,-5.412,-21.813,2.547,-21.798,2.6394,45.261,-5.3,-21.838,2.5373,-21.824,2.5999,45.307,-4.9797,-21.864,2.6634,-21.85,2.5597,45.349,-5.2359,-21.89,2.52,-21.875,2.5189,45.385,3.5066,-54.477,6.7159,-54.438,6.8416,21.928,3.2985,-54.544,6.7809,-54.506,6.7425,21.941,3.4266,-54.609,6.4445,-54.573,6.6415,21.959,3.1223,-54.675,6.558,-54.639,6.5389,21.974,3.2184,-54.74,6.4682,-54.704,6.4345,21.989,-0.3738,-46.836,6.1064,-46.799,6.364,-2.1973,-0.1915,-46.897,6.3687,-46.862,6.2718,-2.1936,-0.244,-46.959,6.1727,-46.924,6.1779,-2.1919,-0.2502,-47.02,6.1271,-46.986,6.0824,-2.1837,-0.3305,-47.081,5.9256,-47.046,5.9854,-2.179,0.6611,49.511,5.861,49.543,5.9409,0.1901,0.5838,49.452,5.9696,49.484,5.8548,0.1902,0.624,49.395,5.6842,49.426,5.7672,0.1906,0.5777,49.338,5.6904,49.369,5.678,0.1918,0.6456,49.283,5.4093,49.312,5.5874,0.1922,0.8464,74.233,-23.686,74.091,-23.748,-0.0026,0.8959,74.467,-23.109,74.326,-23.404,-0.0028,0.8989,74.696,-22.649,74.559,-23.054,-0.0034,0.8495,74.922,-22.489,74.787,-22.698,-0.0027,0.831,75.145,-22.192,75.013,-22.336,-0.0029,0,1
2.69,129.97,-26.762,129.81,-27.283,-1.2966,2.5299,130.24,-26.399,130.08,-26.901,-1.3302,2.2257,130.5,-26.116,130.35,-26.511,-1.3667,1.7293,130.76,-25.937,130.61,-26.114,-1.3978,1.4411,131.02,-25.709,130.87,-25.71,-1.425,-4.9637,-21.759,2.7961,-21.744,2.7163,45.17,-5.0758,-21.787,2.7396,-21.771,2.6782,45.223,-5.412,-21.813,2.547,-21.798,2.6394,45.261,-5.3,-21.838,2.5373,-21.824,2.5999,45.307,-4.9797,-21.864,2.6634,-21.85,2.5597,45.349,3.2504,-54.407,6.9118,-54.369,6.9388,21.907,3.5066,-54.477,6.7159,-54.438,6.8416,21.928,3.2985,-54.544,6.7809,-54.506,6.7425,21.941,3.4266,-54.609,6.4445,-54.573,6.6415,21.959,3.1223,-54.675,6.558,-54.639,6.5389,21.974,-0.2657,-46.772,6.4926,-46.735,6.4544,-2.2017,-0.3738,-46.836,6.1064,-46.799,6.364,-2.1973,-0.1915,-46.897,6.3687,-46.862,6.2718,-2.1936,-0.244,-46.959,6.1727,-46.924,6.1779,-2.1919,-0.2502,-47.02,6.1271,-46.986,6.0824,-2.1837,0.5406,49.571,6.259,49.603,6.0253,0.1893,0.6611,49.511,5.861,49.543,5.9409,0.1901,0.5838,49.452,5.9696,49.484,5.8548,0.1902,0.624,49.395,5.6842,49.426,5.7672,0.1906,0.5777,49.338,5.6904,49.369,5.678,0.1918,0.9422,73.997,-23.672,73.851,-24.086,-0.0024,0.8464,74.233,-23.686,74.091,-23.748,-0.0026,0.8959,74.467,-23.109,74.326,-23.404,-0.0028,0.8989,74.696,-22.649,74.559,-23.054,-0.0034,0.8495,74.922,-22.489,74.787,-22.698,-0.0027,0,1
2.1776,129.7,-27.387,129.54,-27.657,-1.2613,2.69,129.97,-26.762,129.81,-27.283,-1.2966,2.5299,130.24,-26.399,130.08,-26.901,-1.3302,2.2257,130.5,-26.116,130.35,-26.511,-1.3667,1.7293,130.76,-25.937,130.61,-26.114,-1.3978,-5.2199,-21.732,2.7107,-21.717,2.7536,45.135,-4.9637,-21.759,2.7961,-21.744,2.7163,45.17,-5.0758,-21.787,2.7396,-21.771,2.6782,45.223,-5.412,-21.813,2.547,-21.798,2.6394,45.261,-5.3,-21.838,2.5373,-21.824,2.5999,45.307,3.0743,-54.337,7.0992,-54.299,7.0341,21.893,3.2504,-54.407,6.9118,-54.369,6.9388,21.907,3.5066,-54.477,6.7159,-54.438,6.8416,21.928,3.2985,-54.544,6.7809,-54.506,6.7425,21.941,3.4266,-54.609,6.4445,-54.573,6.6415,21.959,-0.3954,-46.708,6.3355,-46.67,6.5431,-2.2091,-0.2657,-46.772,6.4926,-46.735,6.4544,-2.2017,-0.3738,-46.836,6.1064,-46.799,6.364,-2.1973,-0.1915,-46.897,6.3687,-46.862,6.2718,-2.1936,-0.244,-46.959,6.1727,-46.924,6.1779,-2.1919,0.6271,49.631,6.0467,49.664,6.108,0.1883,0.5406,49.571,6.259,49.603,6.0253,0.1893,0.6611,49.511,5.861,49.543,5.9409,0.1901,0.5838,49.452,5.9696,49.484,5.8548,0.1902,0.624,49.395,5.6842,49.426,5.7672,0.1906,0.9206,73.755,-24.102,73.609,-24.417,-0.0029,0.9422,73.997,-23.672,73.851,-24.086,-0.0024,0.8464,74.233,-23.686,74.091,-23.748,-0.0026,0.8959,74.467,-23.109,74.326,-23.404,-0.0028,0.8989,74.696,-22.649,74.559,-23.054,-0.0034,0,1
1.6172,129.42,-28.027,129.26,-28.024,-1.2247,2.1776,129.7,-27.387,129.54,-27.657,-1.2613,2.69,129.97,-26.762,129.81,-27.283,-1.2966,2.5299,130.24,-26.399,130.08,-26.901,-1.3302,2.2257,130.5,-26.116,130.35,-26.511,-1.3667,-5.0438,-21.704,2.829,-21.689,2.7901,45.092,-5.2199,-21.732,2.7107,-21.717,2.7536,45.135,-4.9637,-21.759,2.7961,-21.744,2.7163,45.17,-5.0758,-21.787,2.7396,-21.771,2.6782,45.223,-5.412,-21.813,2.547,-21.798,2.6394,45.261,3.5066,-54.268,6.9236,-54.229,7.1273,21.876,3.0743,-54.337,7.0992,-54.299,7.0341,21.893,3.2504,-54.407,6.9118,-54.369,6.9388,21.907,3.5066,-54.477,6.7159,-54.438,6.8416,21.928,3.2985,-54.544,6.7809,-54.506,6.7425,21.941,-0.346,-46.643,6.5804,-46.604,6.6298,-2.2166,-0.3954,-46.708,6.3355,-46.67,6.5431,-2.2091,-0.2657,-46.772,6.4926,-46.735,6.4544,-2.2017,-0.3738,-46.836,6.1064,-46.799,6.364,-2.1973,-0.1915,-46.897,6.3687,-46.862,6.2718,-2.1936,0.5622,49.692,6.3466,49.725,6.189,0.1877,0.6271,49.631,6.0467,49.664,6.108,0.1883,0.5406,49.571,6.259,49.603,6.0253,0.1893,0.6611,49.511,5.861,49.543,5.9409,0.1901,0.5838,49.452,5.9696,49.484,5.8548,0.1902,0.8773,73.511,-24.667,73.363,-24.74,-0.0031,0.9206,73.755,-24.102,73.609,-24.417,-0.0029,0.9422,73.997,-23.672,73.851,-24.086,-0.0024,0.8464,74.233,-23.686,74.091,-23.748,-0.0026,0.8959,74.467,-23.109,74.326,-23.404,-0.0028,0,1
2.4338,129.14,-28.022,128.98,-28.382,-1.1882,1.6172,129.42,-28.027,129.26,-28.024,-1.2247,2.1776,129.7,-27.387,129.54,-27.657,-1.2613,2.69,129.97,-26.762,129.81,-27.283,-1.2966,2.5299,130.24,-26.399,130.08,-26.901,-1.3302,-5.0598,-21.676,2.838,-21.661,2.8258,45.036,-5.0438,-21.704,2.829,-21.689,2.7901,45.092,-5.2199,-21.732,2.7107,-21.717,2.7536,45.135,-4.9637,-21.759,2.7961,-21.744,2.7163,45.17,-5.0758,-21.787,2.7396,-21.771,2.6782,45.223,3.3145,-54.197,7.1659,-54.157,7.2184,21.856,3.5066,-54.268,6.9236,-54.229,7.1273,21.876,3.0743,-54.337,7.0992,-54.299,7.0341,21.893,3.2504,-54.407,6.9118,-54.369,6.9388,21.907,3.5066,-54.477,6.7159,-54.438,6.8416,21.928,-0.38,-46.577,6.667,-46.537,6.7145,-2.2193,-0.346,-46.643,6.5804,-46.604,6.6298,-2.2166,-0.3954,-46.708,6.3355,-46.67,6.5431,-2.2091,-0.2657,-46.772,6.4926,-46.735,6.4544,-2.2017,-0.3738,-46.836,6.1064,-46.799,6.364,-2.1973,0.5746,49.755,6.3126,49.787,6.2681,0.187,0.5622,49.692,6.3466,49.725,6.189,0.1877,0.6271,49.631,6.0467,49.664,6.108,0.1883,0.5406,49.571,6.259,49.603,6.0253,0.1893,0.6611,49.511,5.861,49.543,5.9409,0.1901,0.8989,73.263,-24.848,73.114,-25.057,-0.0027,0.8773,73.511,-24.667,73.363,-24.74,-0.0031,0.9206,73.755,-24.102,73.609,-24.417,-0.0029,0.9422,73.997,-23.672,73.851,-24.086,-0.0024,0.8464,74.233,-23.686,74.091,-23.748,-0.0026,0,1
2.3858,128.86,-28.413,128.69,-28.732,-1.1515,2.4338,129.14,-28.022,128.98,-28.382,-1.1882,1.6172,129.42,-28.027,129.26,-28.024,-1.2247,2.1776,129.7,-27.387,129.54,-27.657,-1.2613,2.69,129.97,-26.762,129.81,-27.283,-1.2966,-5.2359,-21.648,2.7931,-21.633,2.8606,44.988,-5.0598,-21.676,2.838,-21.661,2.8258,45.036,-5.0438,-21.704,2.829,-21.689,2.7901,45.092,-5.2199,-21.732,2.7107,-21.717,2.7536,45.135,-4.9637,-21.759,2.7961,-21.744,2.7163,45.17,3.2985,-54.125,7.3196,-54.084,7.3073,21.837,3.3145,-54.197,7.1659,-54.157,7.2184,21.856,3.5066,-54.268,6.9236,-54.229,7.1273,21.876,3.0743,-54.337,7.0992,-54.299,7.0341,21.893,3.2504,-54.407,6.9118,-54.369,6.9388,21.907,-0.2718,-46.508,6.8213,-46.47,6.7973,-2.2253,-0.38,-46.577,6.667,-46.537,6.7145,-2.2193,-0.346,-46.643,6.5804,-46.604,6.6298,-2.2166,-0.3954,-46.708,6.3355,-46.67,6.5431,-2.2091,-0.2657,-46.772,6.4926,-46.735,6.4544,-2.2017,0.5746,49.818,6.3138,49.85,6.3453,0.1861,0.5746,49.755,6.3126,49.787,6.2681,0.187,0.5622,49.692,6.3466,49.725,6.189,0.1877,0.6271,49.631,6.0467,49.664,6.108,0.1883,0.5406,49.571,6.259,49.603,6.0253,0.1893,0.8928,73.013,-25.179,72.862,-25.365,-0.0029,0.8989,73.263,-24.848,73.114,-25.057,-0.0027,0.8773,73.511,-24.667,73.363,-24.74,-0.0031,0.9206,73.755,-24.102,73.609,-24.417,-0.0029,0.9422,73.997,-23.672,73.851,-24.086,-0.0024,0,1
2.0976,128.57,-28.898,128.4,-29.073,-1.1072,2.3858,128.86,-28.413,128.69,-28.732,-1.1515,2.4338,129.14,-28.022,128.98,-28.382,-1.1882,1.6172,129.42,-28.027,129.26,-28.024,-1.2247,2.1776,129.7,-27.387,129.54,-27.657,-1.2613,-4.7876,-21.619,3.0348,-21.604,2.8945,44.943,-5.2359,-21.648,2.7931,-21.633,2.8606,44.988,-5.0598,-21.676,2.838,-21.661,2.8258,45.036,-5.0438,-21.704,2.829,-21.689,2.7901,45.092,-5.2199,-21.732,2.7107,-21.717,2.7536,45.135,3.2184,-54.051,7.4484,-54.011,7.3941,21.82,3.2985,-54.125,7.3196,-54.084,7.3073,21.837,3.3145,-54.197,7.1659,-54.157,7.2184,21.856,3.5066,-54.268,6.9236,-54.229,7.1273,21.876,3.0743,-54.337,7.0992,-54.299,7.0341,21.893,-0.3336,-46.441,6.796,-46.401,6.8779,-2.2278,-0.2718,-46.508,6.8213,-46.47,6.7973,-2.2253,-0.38,-46.577,6.667,-46.537,6.7145,-2.2193,-0.346,-46.643,6.5804,-46.604,6.6298,-2.2166,-0.3954,-46.708,6.3355,-46.67,6.5431,-2.2091,0.6456,49.881,6.2395,49.914,6.4206,0.1861,0.5746,49.818,6.3138,49.85,6.3453,0.1861,0.5746,49.755,6.3126,49.787,6.2681,0.187,0.5622,49.692,6.3466,49.725,6.189,0.1877,0.6271,49.631,6.0467,49.664,6.108,0.1883,0.8773,72.76,-25.599,72.607,-25.666,-0.0023,0.8928,73.013,-25.179,72.862,-25.365,-0.0029,0.8989,73.263,-24.848,73.114,-25.057,-0.0027,0.8773,73.511,-24.667,73.363,-24.74,-0.0031,0.9206,73.755,-24.102,73.609,-24.417,-0.0029,0,1
1.9054,128.28,-29.282,128.11,-29.405,-1.0695,2.0976,128.57,-28.898,128.4,-29.073,-1.1072,2.3858,128.86,-28.413,128.69,-28.732,-1.1515,2.4338,129.14,-28.022,128.98,-28.382,-1.1882,1.6172,129.42,-28.027,129.26,-28.024,-1.2247,-4.9317,-21.589,2.9621,-21.575,2.9276,44.891,-4.7876,-21.619,3.0348,-21.604,2.8945,44.943,-5.2359,-21.648,2.7931,-21.633,2.8606,44.988,-5.0598,-21.676,2.838,-21.661,2.8258,45.036,-5.0438,-21.704,2.829,-21.689,2.7901,45.092,3.3465,-53.977,7.3942,-53.936,7.4784,21.801,3.2184,-54.051,7.4484,-54.011,7.3941,21.82,3.2985,-54.125,7.3196,-54.084,7.3073,21.837,3.3145,-54.197,7.1659,-54.157,7.2184,21.856,3.5066,-54.268,6.9236,-54.229,7.1273,21.876,-0.3244,-46.372,6.8923,-46.332,6.9564,-2.2369,-0.3336,-46.441,6.796,-46.401,6.8779,-2.2278,-0.2718,-46.508,6.8213,-46.47,6.7973,-2.2253,-0.38,-46.577,6.667,-46.537,6.7145,-2.2193,-0.346,-46.643,6.5804,-46.604,6.6298,-2.2166,0.5931,49.944,6.5308,49.979,6.4939,0.1848,0.6456,49.881,6.2395,49.914,6.4206,0.1861,0.5746,49.818,6.3138,49.85,6.3453,0.1861,0.5746,49.755,6.3126,49.787,6.2681,0.187,0.5622,49.692,6.3466,49.725,6.189,0.1877,0.8928,72.504,-25.904,72.349,-25.959,-0.0028,0.8773,72.76,-25.599,72.607,-25.666,-0.0023,0.8928,73.013,-25.179,72.862,-25.365,-0.0029,0.8989,73.263,-24.848,73.114,-25.057,-0.0027,0.8773,73.511,-24.667,73.363,-24.74,-0.0031,0,1
2.0175,127.99,-29.523,127.82,-29.727,-1.0338,1.9054,128.28,-29.282,128.11,-29.405,-1.0695,2.0976,128.57,-28.898,128.4,-29.073,-1.1072,2.3858,128.86,-28.413,128.69,-28.732,-1.1515,2.4338,129.14,-28.022,128.98,-28.382,-1.1882,-5.4921,-21.561,2.7564,-21.546,2.9597,44.838,-4.9317,-21.589,2.9621,-21.575,2.9276,44.891,-4.7876,-21.619,3.0348,-21.604,2.8945,44.943,-5.2359,-21.648,2.7931,-21.633,2.8606,44.988,-5.0598,-21.676,2.838,-21.661,2.8258,45.036,3.1544,-53.901,7.4919,-53.861,7.5605,21.78,3.3465,-53.977,7.3942,-53.936,7.4784,21.801,3.2184,-54.051,7.4484,-54.011,7.3941,21.82,3.2985,-54.125,7.3196,-54.084,7.3073,21.837,3.3145,-54.197,7.1659,-54.157,7.2184,21.856,-0.4448,-46.304,6.906,-46.262,7.0327,-2.2456,-0.3244,-46.372,6.8923,-46.332,6.9564,-2.2369,-0.3336,-46.441,6.796,-46.401,6.8779,-2.2278,-0.2718,-46.508,6.8213,-46.47,6.7973,-2.2253,-0.38,-46.577,6.667,-46.537,6.7145,-2.2193,0.7012,50.009,6.3286,50.044,6.5651,0.1832,0.5931,49.944,6.5308,49.979,6.4939,0.1848,0.6456,49.881,6.2395,49.914,6.4206,0.1861,0.5746,49.818,6.3138,49.85,6.3453,0.1861,0.5746,49.755,6.3126,49.787,6.2681,0.187,0.9823,72.246,-25.859,72.088,-26.244,-0.0035,0.8928,72.504,-25.904,72.349,-25.959,-0.0028,0.8773,72.76,-25.599,72.607,-25.666,-0.0023,0.8928,73.013,-25.179,72.862,-25.365,-0.0029,0.8989,73.263,-24.848,73.114,-25.057,-0.0027,0,1
1.8574,127.69,-29.893,127.52,-30.04,-0.9913,2.0175,127.99,-29.523,127.82,-29.727,-1.0338,1.9054,128.28,-29.282,128.11,-29.405,-1.0695,2.0976,128.57,-28.898,128.4,-29.073,-1.1072,2.3858,128.86,-28.413,128.69,-28.732,-1.1515,-5.348,-21.532,2.8837,-21.516,2.9908,44.785,-5.4921,-21.561,2.7564,-21.546,2.9597,44.838,-4.9317,-21.589,2.9621,-21.575,2.9276,44.891,-4.7876,-21.619,3.0348,-21.604,2.8945,44.943,-5.2359,-21.648,2.7931,-21.633,2.8606,44.988,3.2504,-53.826,7.5547,-53.785,7.6401,21.76,3.1544,-53.901,7.4919,-53.861,7.5605,21.78,3.3465,-53.977,7.3942,-53.936,7.4784,21.801,3.2184,-54.051,7.4484,-54.011,7.3941,21.82,3.2985,-54.125,7.3196,-54.084,7.3073,21.837,-0.3645,-46.233,7.123,-46.191,7.1068,-2.2493,-0.4448,-46.304,6.906,-46.262,7.0327,-2.2456,-0.3244,-46.372,6.8923,-46.332,6.9564,-2.2369,-0.3336,-46.441,6.796,-46.401,6.8779,-2.2278,-0.2718,-46.508,6.8213,-46.47,6.7973,-2.2253,0.6117,50.074,6.7228,50.11,6.6343,0.183,0.7012,50.009,6.3286,50.044,6.5651,0.1832,0.5931,49.944,6.5308,49.979,6.4939,0.1848,0.6456,49.881,6.2395,49.914,6.4206,0.1861,0.5746,49.818,6.3138,49.85,6.3453,0.1861,0.8773,71.983,-26.624,71.824,-26.52,-0.003,0.9823,72.246,-25.859,72.088,-26.244,-0.0035,0.8928,72.504,-25.904,72.349,-25.959,-0.0028,0.8773,72.76,-25.599,72.607,-25.666,-0.0023,0.8928,73.013,-25.179,72.862,-25.365,-0.0029,0,1
2.3377,127.39,-29.989,127.22,-30.343,-0.9506,1.8574,127.69,-29.893,127.52,-30.04,-0.9913,2.0175,127.99,-29.523,127.82,-29.727,-1.0338,1.9054,128.28,-29.282,128.11,-29.405,-1.0695,2.0976,128.57,-28.898,128.4,-29.073,-1.1072,-5.316,-21.503,2.9376,-21.486,3.021,44.726,-5.348,-21.532,2.8837,-21.516,2.9908,44.785,-5.4921,-21.561,2.7564,-21.546,2.9597,44.838,-4.9317,-21.589,2.9621,-21.575,2.9276,44.891,-4.7876,-21.619,3.0348,-21.604,2.8945,44.943,3.8269,-53.752,7.4057,-53.708,7.7172,21.738,3.2504,-53.826,7.5547,-53.785,7.6401,21.76,3.1544,-53.901,7.4919,-53.861,7.5605,21.78,3.3465,-53.977,7.3942,-53.936,7.4784,21.801,3.2184,-54.051,7.4484,-54.011,7.3941,21.82,-0.3892,-46.162,7.1688,-46.12,7.1785,-2.2554,-0.3645,-46.233,7.123,-46.191,7.1068,-2.2493,-0.4448,-46.304,6.906,-46.262,7.0327,-2.2456,-0.3244,-46.372,6.8923,-46.332,6.9564,-2.2369,-0.3336,-46.441,6.796,-46.401,6.8779,-2.2278,0.6981,50.141,6.5354,50.177,6.7012,0.1821,0.6117,50.074,6.7228,50.11,6.6343,0.183,0.7012,50.009,6.3286,50.044,6.5651,0.1832,0.5931,49.944,6.5308,49.979,6.4939,0.1848,0.6456,49.881,6.2395,49.914,6.4206,0.1861,1.004,71.719,-26.412,71.557,-26.788,-0.0031,0.8773,71.983,-26.624,71.824,-26.52,-0.003,0.9823,72.246,-25.859,72.088,-26.244,-0.0035,0.8928,72.504,-25.904,72.349,-25.959,-0.0028,0.8773,72.76,-25.599,72.607,-25.666,-0.0023,0,1
1.7773,127.09,-30.585,126.91,-30.636,-0.9045,2.3377,127.39,-29.989,127.22,-30.343,-0.9506,1.8574,127.69,-29.893,127.52,-30.04,-0.9913,2.0175,127.99,-29.523,127.82,-29.727,-1.0338,1.9054,128.28,-29.282,128.11,-29.405,-1.0695,-5.2679,-21.473,3.0074,-21.455,3.0502,44.678,-5.316,-21.503,2.9376,-21.486,3.021,44.726,-5.348,-21.532,2.8837,-21.516,2.9908,44.785,-5.4921,-21.561,2.7564,-21.546,2.9597,44.838,-4.9317,-21.589,2.9621,-21.575,2.9276,44.891,3.5867,-53.675,7.695,-53.631,7.7917,21.72,3.8269,-53.752,7.4057,-53.708,7.7172,21.738,3.2504,-53.826,7.5547,-53.785,7.6401,21.76,3.1544,-53.901,7.4919,-53.861,7.5605,21.78,3.3465,-53.977,7.3942,-53.936,7.4784,21.801,-0.4726,-46.091,7.0768,-46.048,7.2478,-2.2597,-0.3892,-46.162,7.1688,-46.12,7.1785,-2.2554,-0.3645,-46.233,7.123,-46.191,7.1068,-2.2493,-0.4448,-46.304,6.906,-46.262,7.0327,-2.2456,-0.3244,-46.372,6.8923,-46.332,6.9564,-2.2369,0.556,50.208,6.9273,50.244,6.7659,0.1815,0.6981,50.141,6.5354,50.177,6.7012,0.1821,0.6117,50.074,6.7228,50.11,6.6343,0.183,0.7012,50.009,6.3286,50.044,6.5651,0.1832,0.5931,49.944,6.5308,49.979,6.4939,0.1848,0.9669,71.45,-26.794,71.288,-27.047,-0.0028,1.004,71.719,-26.412,71.557,-26.788,-0.0031,0.8773,71.983,-26.624,71.824,-26.52,-0.003,0.9823,72.246,-25.859,72.088,-26.244,-0.0035,0.8928,72.504,-25.904,72.349,-25.959,-0.0028,0,1
2.1616,126.78,-30.687,126.6,-30.919,-0.8579,1.7773,127.09,-30.585,126.91,-30.636,-0.9045,2.3377,127.39,-29.989,127.22,-30.343,-0.9506,1.8574,127.69,-29.893,127.52,-30.04,-0.9913,2.0175,127.99,-29.523,127.82,-29.727,-1.0338,-4.8356,-21.442,3.2159,-21.425,3.0783,44.61,-5.2679,-21.473,3.0074,-21.455,3.0502,44.678,-5.316,-21.503,2.9376,-21.486,3.021,44.726,-5.348,-21.532,2.8837,-21.516,2.9908,44.785,-5.4921,-21.561,2.7564,-21.546,2.9597,44.838,3.1544,-53.595,7.9392,-53.553,7.8636,21.694,3.5867,-53.675,7.695,-53.631,7.7917,21.72,3.8269,-53.752,7.4057,-53.708,7.7172,21.738,3.2504,-53.826,7.5547,-53.785,7.6401,21.76,3.1544,-53.901,7.4919,-53.861,7.5605,21.78,-0.2842,-46.017,7.5424,-45.975,7.3147,-2.2606,-0.4726,-46.091,7.0768,-46.048,7.2478,-2.2597,-0.3892,-46.162,7.1688,-46.12,7.1785,-2.2554,-0.3645,-46.233,7.123,-46.191,7.1068,-2.2493,-0.4448,-46.304,6.906,-46.262,7.0327,-2.2456,0.5993,50.276,6.802,50.312,6.8284,0.1814,0.556,50.208,6.9273,50.244,6.7659,0.1815,0.6981,50.141,6.5354,50.177,6.7012,0.1821,0.6117,50.074,6.7228,50.11,6.6343,0.183,0.7012,50.009,6.3286,50.044,6.5651,0.1832,0.8804,71.179,-27.384,71.016,-27.296,-0.0018,0.9669,71.45,-26.794,71.288,-27.047,-0.0028,1.004,71.719,-26.412,71.557,-26.788,-0.0031,0.8773,71.983,-26.624,71.824,-26.52,-0.003,0.9823,72.246,-25.859,72.088,-26.244,-0.0035,0,1
2.2096,126.47,-30.955,126.29,-31.192,-0.8156,2.1616,126.78,-30.687,126.6,-30.919,-0.8579,1.7773,127.09,-30.585,126.91,-30.636,-0.9045,2.3377,127.39,-29.989,127.22,-30.343,-0.9506,1.8574,127.69,-29.893,127.52,-30.04,-0.9913,-5.0438,-21.41,3.1051,-21.394,3.1055,44.553,-4.8356,-21.442,3.2159,-21.425,3.0783,44.61,-5.2679,-21.473,3.0074,-21.455,3.0502,44.678,-5.316,-21.503,2.9376,-21.486,3.021,44.726,-5.348,-21.532,2.8837,-21.516,2.9908,44.785,3.2184,-53.516,7.9082,-53.474,7.9329,21.674,3.1544,-53.595,7.9392,-53.553,7.8636,21.694,3.5867,-53.675,7.695,-53.631,7.7917,21.72,3.8269,-53.752,7.4057,-53.708,7.7172,21.738,3.2504,-53.826,7.5547,-53.785,7.6401,21.76,-0.3831,-45.943,7.3443,-45.901,7.3792,-2.2703,-0.2842,-46.017,7.5424,-45.975,7.3147,-2.2606,-0.4726,-46.091,7.0768,-46.048,7.2478,-2.2597,-0.3892,-46.162,7.1688,-46.12,7.1785,-2.2554,-0.3645,-46.233,7.123,-46.191,7.1068,-2.2493,0.5746,50.345,6.9167,50.381,6.8886,0.1799,0.5993,50.276,6.802,50.312,6.8284,0.1814,0.556,50.208,6.9273,50.244,6.7659,0.1815,0.6981,50.141,6.5354,50.177,6.7012,0.1821,0.6117,50.074,6.7228,50.11,6.6343,0.183,0.8989,70.904,-27.46,70.742,-27.537,-0.0026,0.8804,71.179,-27.384,71.016,-27.296,-0.0018,0.9669,71.45,-26.794,71.288,-27.047,-0.0028,1.004,71.719,-26.412,71.557,-26.788,-0.0031,0.8773,71.983,-26.624,71.824,-26.52,-0.003,0,1
2.1616,126.16,-31.258,125.98,-31.453,-0.7719,2.2096,126.47,-30.955,126.29,-31.192,-0.8156,2.1616,126.78,-30.687,126.6,-30.919,-0.8579,1.7773,127.09,-30.585,126.91,-30.636,-0.9045,2.3377,127.39,-29.989,127.22,-30.343,-0.9506,-5.2359,-21.38,3.0654,-21.363,3.1315,44.496,-5.0438,-21.41,3.1051,-21.394,3.1055,44.553,-4.8356,-21.442,3.2159,-21.425,3.0783,44.61,-5.2679,-21.473,3.0074,-21.455,3.0502,44.678,-5.316,-21.503,2.9376,-21.486,3.021,44.726,3.2985,-53.438,8.0105,-53.394,7.9995,21.653,3.2184,-53.516,7.9082,-53.474,7.9329,21.674,3.1544,-53.595,7.9392,-53.553,7.8636,21.694,3.5867,-53.675,7.695,-53.631,7.7917,21.72,3.8269,-53.752,7.4057,-53.708,7.7172,21.738,-0.4448,-45.87,7.3337,-45.827,7.4411,-2.2766,-0.3831,-45.943,7.3443,-45.901,7.3792,-2.2703,-0.2842,-46.017,7.5424,-45.975,7.3147,-2.2606,-0.4726,-46.091,7.0768,-46.048,7.2478,-2.2597,-0.3892,-46.162,7.1688,-46.12,7.1785,-2.2554,0.6858,50.413,6.7549,50.45,6.9464,0.1789,0.5746,50.345,6.9167,50.381,6.8886,0.1799,0.5993,50.276,6.802,50.312,6.8284,0.1814,0.556,50.208,6.9273,50.244,6.7659,0.1815,0.6981,50.141,6.5354,50.177,6.7012,0.1821,0.8989,70.629,-27.669,70.466,-27.768,-0.0027,0.8989,70.904,-27.46,70.742,-27.537,-0.0026,0.8804,71.179,-27.384,71.016,-27.296,-0.0018,0.9669,71.45,-26.794,71.288,-27.047,-0.0028,1.004,71.719,-26.412,71.557,-26.788,-0.0031,0,1
2.1616,125.84,-31.498,125.66,-31.704,-0.7274,2.1616,126.16,-31.258,125.98,-31.453,-0.7719,2.2096,126.47,-30.955,126.29,-31.192,-0.8156,2.1616,126.78,-30.687,126.6,-30.919,-0.8579,1.7773,127.09,-30.585,126.91,-30.636,-0.9045,-5.0758,-21.349,3.1711,-21.331,3.1565,44.429,-5.2359,-21.38,3.0654,-21.363,3.1315,44.496,-5.0438,-21.41,3.1051,-21.394,3.1055,44.553,-4.8356,-21.442,3.2159,-21.425,3.0783,44.61,-5.2679,-21.473,3.0074,-21.455,3.0502,44.678,3.7628,-53.36,7.8665,-53.314,8.0633,21.628,3.2985,-53.438,8.0105,-53.394,7.9995,21.653,3.2184,-53.516,7.9082,-53.474,7.9329,21.674,3.1544,-53.595,7.9392,-53.553,7.8636,21.694,3.5867,-53.675,7.695,-53.631,7.7917,21.72,-0.38,-45.795,7.6081,-45.753,7.5004,-2.2828,-0.4448,-45.87,7.3337,-45.827,7.4411,-2.2766,-0.3831,-45.943,7.3443,-45.901,7.3792,-2.2703,-0.2842,-46.017,7.5424,-45.975,7.3147,-2.2606,-0.4726,-46.091,7.0768,-46.048,7.2478,-2.2597,0.6209,50.482,7.0022,50.52,7.0017,0.178,0.6858,50.413,6.7549,50.45,6.9464,0.1789,0.5746,50.345,6.9167,50.381,6.8886,0.1799,0.5993,50.276,6.802,50.312,6.8284,0.1814,0.556,50.208,6.9273,50.244,6.7659,0.1815,0.9453,70.352,-27.721,70.187,-27.989,-0.0026,0.8989,70.629,-27.669,70.466,-27.768,-0.0027,0.8989,70.904,-27.46,70.742,-27.537,-0.0026,0.8804,71.179,-27.384,71.016,-27.296,-0.0018,0.9669,71.45,-26.794,71.288,-27.047,-0.0028,0,1
2.1616,125.53,-31.745,125.34,-31.944,-0.6824,2.1616,125.84,-31.498,125.66,-31.704,-0.7274,2.1616,126.16,-31.258,125.98,-31.453,-0.7719,2.2096,126.47,-30.955,126.29,-31.192,-0.8156,2.1616,126.78,-30.687,126.6,-30.919,-0.8579,-5.2199,-21.317,3.1232,-21.299,3.1804,44.367,-5.0758,-21.349,3.1711,-21.331,3.1565,44.429,-5.2359,-21.38,3.0654,-21.363,3.1315,44.496,-5.0438,-21.41,3.1051,-21.394,3.1055,44.553,-4.8356,-21.442,3.2159,-21.425,3.0783,44.61,3.5386,-53.278,8.0531,-53.233,8.1242,21.605,3.7628,-53.36,7.8665,-53.314,8.0633,21.628,3.2985,-53.438,8.0105,-53.394,7.9995,21.653,3.2184,-53.516,7.9082,-53.474,7.9329,21.674,3.1544,-53.595,7.9392,-53.553,7.8636,21.694,-0.3429,-45.719,7.6433,-45.677,7.5571,-2.2888,-0.38,-45.795,7.6081,-45.753,7.5004,-2.2828,-0.4448,-45.87,7.3337,-45.827,7.4411,-2.2766,-0.3831,-45.943,7.3443,-45.901,7.3792,-2.2703,-0.2842,-46.017,7.5424,-45.975,7.3147,-2.2606,0.6395,50.553,6.9737,50.59,7.0547,0.1769,0.6209,50.482,7.0022,50.52,7.0017,0.178,0.6858,50.413,6.7549,50.45,6.9464,0.1789,0.5746,50.345,6.9167,50.381,6.8886,0.1799,0.5993,50.276,6.802,50.312,6.8284,0.1814,0.9762,70.073,-27.864,69.906,-28.201,-0.0027,0.9453,70.352,-27.721,70.187,-27.989,-0.0026,0.8989,70.629,-27.669,70.466,-27.768,-0.0027,0.8989,70.904,-27.46,70.742,-27.537,-0.0026,0.8804,71.179,-27.384,71.016,-27.296,-0.0018,0,1
1.6973,125.21,-32.169,125.02,-32.172,-0.6307,2.1616,125.53,-31.745,125.34,-31.944,-0.6824,2.1616,125.84,-31.498,125.66,-31.704,-0.7274,2.1616,126.16,-31.258,125.98,-31.453,-0.7719,2.2096,126.47,-30.955,126.29,-31.192,-0.8156,-4.9477,-21.285,3.2679,-21.268,3.2031,44.308,-5.2199,-21.317,3.1232,-21.299,3.1804,44.367,-5.0758,-21.349,3.1711,-21.331,3.1565,44.429,-5.2359,-21.38,3.0654,-21.363,3.1315,44.496,-5.0438,-21.41,3.1051,-21.394,3.1055,44.553,2.8982,-53.195,8.4319,-53.151,8.1824,21.583,3.5386,-53.278,8.0531,-53.233,8.1242,21.605,3.7628,-53.36,7.8665,-53.314,8.0633,21.628,3.2985,-53.438,8.0105,-53.394,7.9995,21.653,3.2184,-53.516,7.9082,-53.474,7.9329,21.674,-0.3491,-45.643,7.6278,-45.602,7.6112,-2.2906,-0.3429,-45.719,7.6433,-45.677,7.5571,-2.2888,-0.38,-45.795,7.6081,-45.753,7.5004,-2.2828,-0.4448,-45.87,7.3337,-45.827,7.4411,-2.2766,-0.3831,-45.943,7.3443,-45.901,7.3792,-2.2703,0.6333,50.623,7.0111,50.661,7.1052,0.1766,0.6395,50.553,6.9737,50.59,7.0547,0.1769,0.6209,50.482,7.0022,50.52,7.0017,0.178,0.6858,50.413,6.7549,50.45,6.9464,0.1789,0.5746,50.345,6.9167,50.381,6.8886,0.1799,0.9793,69.792,-28.099,69.623,-28.403,-0.0019,0.9762,70.073,-27.864,69.906,-28.201,-0.0027,0.9453,70.352,-27.721,70.187,-27.989,-0.0026,0.8989,70.629,-27.669,70.466,-27.768,-0.0027,0.8989,70.904,-27.46,70.742,-27.537,-0.0026,0,1
2.1296,124.88,-32.179,124.7,-32.389,-0.5845,1.6973,125.21,-32.169,125.02,-32.172,-0.6307,2.1616,125.53,-31.745,125.34,-31.944,-0.6824,2.1616,125.84,-31.498,125.66,-31.704,-0.7274,2.1616,126.16,-31.258,125.98,-31.453,-0.7719,-4.9317,-21.252,3.2702,-21.235,3.2247,44.238,-4.9477,-21.285,3.2679,-21.268,3.2031,44.308,-5.2199,-21.317,3.1232,-21.299,3.1804,44.367,-5.0758,-21.349,3.1711,-21.331,3.1565,44.429,-5.2359,-21.38,3.0654,-21.363,3.1315,44.496,2.8501,-53.112,8.409,-53.069,8.2376,21.559,2.8982,-53.195,8.4319,-53.151,8.1824,21.583,3.5386,-53.278,8.0531,-53.233,8.1242,21.605,3.7628,-53.36,7.8665,-53.314,8.0633,21.628,3.2985,-53.438,8.0105,-53.394,7.9995,21.653,-0.4325,-45.567,7.5421,-45.525,7.6626,-2.2969,-0.3491,-45.643,7.6278,-45.602,7.6112,-2.2906,-0.3429,-45.719,7.6433,-45.677,7.5571,-2.2888,-0.38,-45.795,7.6081,-45.753,7.5004,-2.2828,-0.4448,-45.87,7.3337,-45.827,7.4411,-2.2766,0.6178,50.694,7.2283,50.732,7.1531,0.1755,0.6333,50.623,7.0111,50.661,7.1052,0.1766,0.6395,50.553,6.9737,50.59,7.0547,0.1769,0.6209,50.482,7.0022,50.52,7.0017,0.178,0.6858,50.413,6.7549,50.45,6.9464,0.1789,0.9885,69.508,-28.309,69.338,-28.594,-0.0019,0.9793,69.792,-28.099,69.623,-28.403,-0.0019,0.9762,70.073,-27.864,69.906,-28.201,-0.0027,0.9453,70.352,-27.721,70.187,-27.989,-0.0026,0.8989,70.629,-27.669,70.466,-27.768,-0.0027,0,1
2.4658,124.56,-32.265,124.38,-32.595,-0.5429,2.1296,124.88,-32.179,124.7,-32.389,-0.5845,1.6973,125.21,-32.169,125.02,-32.172,-0.6307,2.1616,125.53,-31.745,125.34,-31.944,-0.6824,2.1616,125.84,-31.498,125.66,-31.704,-0.7274,-5.2519,-21.221,3.1609,-21.203,3.2452,44.168,-4.9317,-21.252,3.2702,-21.235,3.2247,44.238,-4.9477,-21.285,3.2679,-21.268,3.2031,44.308,-5.2199,-21.317,3.1232,-21.299,3.1804,44.367,-5.0758,-21.349,3.1711,-21.331,3.1565,44.429,3.2504,-53.031,8.2251,-52.986,8.2898,21.533,2.8501,-53.112,8.409,-53.069,8.2376,21.559,2.8982,-53.195,8.4319,-53.151,8.1824,21.583,3.5386,-53.278,8.0531,-53.233,8.1242,21.605,3.7628,-53.36,7.8665,-53.314,8.0633,21.628,-0.3553,-45.49,7.6999,-45.448,7.7112,-2.3067,-0.4325,-45.567,7.5421,-45.525,7.6626,-2.2969,-0.3491,-45.643,7.6278,-45.602,7.6112,-2.2906,-0.3429,-45.719,7.6433,-45.677,7.5571,-2.2888,-0.38,-45.795,7.6081,-45.753,7.5004,-2.2828,0.6642,50.766,7.0942,50.804,7.1985,0.1739,0.6178,50.694,7.2283,50.732,7.1531,0.1755,0.6333,50.623,7.0111,50.661,7.1052,0.1766,0.6395,50.553,6.9737,50.59,7.0547,0.1769,0.6209,50.482,7.0022,50.52,7.0017,0.178,0.9762,69.222,-28.54,69.051,-28.776,-0.0027,0.9885,69.508,-28.309,69.338,-28.594,-0.0019,0.9793,69.792,-28.099,69.623,-28.403,-0.0019,0.9762,70.073,-27.864,69.906,-28.201,-0.0027,0.9453,70.352,-27.721,70.187,-27.989,-0.0026,0,1
2.2417,124.24,-32.579,124.05,-32.789,-0.4954,2.4658,124.56,-32.265,124.38,-32.595,-0.5429,2.1296,124.88,-32.179,124.7,-32.389,-0.5845,1.6973,125.21,-32.169,125.02,-32.172,-0.6307,2.1616,125.53,-31.745,125.34,-31.944,-0.6824,-5.0758,-21.189,3.2725,-21.171,3.2645,44.101,-5.2519,-21.221,3.1609,-21.203,3.2452,44.168,-4.9317,-21.252,3.2702,-21.235,3.2247,44.238,-4.9477,-21.285,3.2679,-21.268,3.2031,44.308,-5.2199,-21.317,3.1232,-21.299,3.1804,44.367,3.7788,-52.95,8.0655,-52.903,8.3391,21.508,3.2504,-53.031,8.2251,-52.986,8.2898,21.533,2.8501,-53.112,8.409,-53.069,8.2376,21.559,2.8982,-53.195,8.4319,-53.151,8.1824,21.583,3.5386,-53.278,8.0531,-53.233,8.1242,21.605,-0.2718,-45.412,7.9234,-45.371,7.757,-2.3133,-0.3553,-45.49,7.6999,-45.448,7.7112,-2.3067,-0.4325,-45.567,7.5421,-45.525,7.6626,-2.2969,-0.3491,-45.643,7.6278,-45.602,7.6112,-2.2906,-0.3429,-45.719,7.6433,-45.677,7.5571,-2.2888,0.6055,50.838,7.2271,50.876,7.2413,0.1732,0.6642,50.766,7.0942,50.804,7.1985,0.1739,0.6178,50.694,7.2283,50.732,7.1531,0.1755,0.6333,50.623,7.0111,50.661,7.1052,0.1766,0.6395,50.553,6.9737,50.59,7.0547,0.1769,0.9144,68.934,-29.006,68.762,-28.947,-0.0026,0.9762,69.222,-28.54,69.051,-28.776,-0.0027,0.9885,69.508,-28.309,69.338,-28.594,-0.0019,0.9793,69.792,-28.099,69.623,-28.403,-0.0019,0.9762,70.073,-27.864,69.906,-28.201,-0.0027,0,1
2.0816,123.91,-32.861,123.72,-32.971,-0.4455,2.2417,124.24,-32.579,124.05,-32.789,-0.4954,2.4658,124.56,-32.265,124.38,-32.595,-0.5429,2.1296,124.88,-32.179,124.7,-32.389,-0.5845,1.6973,125.21,-32.169,125.02,-32.172,-0.6307,-5.1558,-21.156,3.2485,-21.138,3.2826,44.039,-5.0758,-21.189,3.2725,-21.171,3.2645,44.101,-5.2519,-21.221,3.1609,-21.203,3.2452,44.168,-4.9317,-21.252,3.2702,-21.235,3.2247,44.238,-4.9477,-21.285,3.2679,-21.268,3.2031,44.308,3.5066,-52.867,8.3889,-52.82,8.3854,21.486,3.7788,-52.95,8.0655,-52.903,8.3391,21.508,3.2504,-53.031,8.2251,-52.986,8.2898,21.533,2.8501,-53.112,8.409,-53.069,8.2376,21.559,2.8982,-53.195,8.4319,-53.151,8.1824,21.583,-0.4078,-45.335,7.6476,-45.293,7.8,-2.3175,-0.2718,-45.412,7.9234,-45.371,7.757,-2.3133,-0.3553,-45.49,7.6999,-45.448,7.7112,-2.3067,-0.4325,-45.567,7.5421,-45.525,7.6626,-2.2969,-0.3491,-45.643,7.6278,-45.602,7.6112,-2.2906,0.6456,50.91,7.2133,50.949,7.2814,0.1722,0.6055,50.838,7.2271,50.876,7.2413,0.1732,0.6642,50.766,7.0942,50.804,7.1985,0.1739,0.6178,50.694,7.2283,50.732,7.1531,0.1755,0.6333,50.623,7.0111,50.661,7.1052,0.1766,0.9267,68.644,-29.061,68.472,-29.107,-0.0024,0.9144,68.934,-29.006,68.762,-28.947,-0.0026,0.9762,69.222,-28.54,69.051,-28.776,-0.0027,0.9885,69.508,-28.309,69.338,-28.594,-0.0019,0.9793,69.792,-28.099,69.623,-28.403,-0.0019,0,1
2.4498,123.58,-32.865,123.39,-33.14,-0.3954,2.0816,123.91,-32.861,123.72,-32.971,-0.4455,2.2417,124.24,-32.579,124.05,-32.789,-0.4954,2.4658,124.56,-32.265,124.38,-32.595,-0.5429,2.1296,124.88,-32.179,124.7,-32.389,-0.5845,-4.9477,-21.123,3.3563,-21.105,3.2995,43.961,-5.1558,-21.156,3.2485,-21.138,3.2826,44.039,-5.0758,-21.189,3.2725,-21.171,3.2645,44.101,-5.2519,-21.221,3.1609,-21.203,3.2452,44.168,-4.9317,-21.252,3.2702,-21.235,3.2247,44.238,2.8982,-52.781,8.7019,-52.736,8.4286,21.458,3.5066,-52.867,8.3889,-52.82,8.3854,21.486,3.7788,-52.95,8.0655,-52.903,8.3391,21.508,3.2504,-53.031,8.2251,-52.986,8.2898,21.533,2.8501,-53.112,8.409,-53.069,8.2376,21.559,-0.3244,-45.256,7.7983,-45.215,7.8402,-2.3182,-0.4078,-45.335,7.6476,-45.293,7.8,-2.3175,-0.2718,-45.412,7.9234,-45.371,7.757,-2.3133,-0.3553,-45.49,7.6999,-45.448,7.7112,-2.3067,-0.4325,-45.567,7.5421,-45.525,7.6626,-2.2969,0.5715,50.983,7.4241,51.022,7.3189,0.1715,0.6456,50.91,7.2133,50.949,7.2814,0.1722,0.6055,50.838,7.2271,50.876,7.2413,0.1732,0.6642,50.766,7.0942,50.804,7.1985,0.1739,0.6178,50.694,7.2283,50.732,7.1531,0.1755,0.9916,68.353,-28.939,68.18,-29.257,-0.0015,0.9267,68.644,-29.061,68.472,-29.107,-0.0024,0.9144,68.934,-29.006,68.762,-28.947,-0.0026,0.9762,69.222,-28.54,69.051,-28.776,-0.0027,0.9885,69.508,-28.309,69.338,-28.594,-0.0019,0,1
2.2257,123.25,-33.183,123.06,-33.298,-0.3512,2.4498,123.58,-32.865,123.39,-33.14,-0.3954,2.0816,123.91,-32.861,123.72,-32.971,-0.4455,2.2417,124.24,-32.579,124.05,-32.789,-0.4954,2.4658,124.56,-32.265,124.38,-32.595,-0.5429,-5.0918,-21.089,3.2859,-21.072,3.3152,43.89,-4.9477,-21.123,3.3563,-21.105,3.2995,43.961,-5.1558,-21.156,3.2485,-21.138,3.2826,44.039,-5.0758,-21.189,3.2725,-21.171,3.2645,44.101,-5.2519,-21.221,3.1609,-21.203,3.2452,44.168,3.1864,-52.695,8.3554,-52.651,8.4687,21.431,2.8982,-52.781,8.7019,-52.736,8.4286,21.458,3.5066,-52.867,8.3889,-52.82,8.3854,21.486,3.7788,-52.95,8.0655,-52.903,8.3391,21.508,3.2504,-53.031,8.2251,-52.986,8.2898,21.533,-0.3583,-45.179,7.8793,-45.136,7.8775,-2.3318,-0.3244,-45.256,7.7983,-45.215,7.8402,-2.3182,-0.4078,-45.335,7.6476,-45.293,7.8,-2.3175,-0.2718,-45.412,7.9234,-45.371,7.757,-2.3133,-0.3553,-45.49,7.6999,-45.448,7.7112,-2.3067,0.6147,51.056,7.3332,51.095,7.3538,0.1696,0.5715,50.983,7.4241,51.022,7.3189,0.1715,0.6456,50.91,7.2133,50.949,7.2814,0.1722,0.6055,50.838,7.2271,50.876,7.2413,0.1732,0.6642,50.766,7.0942,50.804,7.1985,0.1739,1.0194,68.061,-28.988,67.887,-29.396,-0.0027,0.9916,68.353,-28.939,68.18,-29.257,-0.0015,0.9267,68.644,-29.061,68.472,-29.107,-0.0024,0.9144,68.934,-29.006,68.762,-28.947,-0.0026,0.9762,69.222,-28.54,69.051,-28.776,-0.0027,0,1
1.9535,122.92,-33.491,122.72,-33.444,-0.3108,2.2257,123.25,-33.183,123.06,-33.298,-0.3512,2.4498,123.58,-32.865,123.39,-33.14,-0.3954,2.0816,123.91,-32.861,123.72,-32.971,-0.4455,2.2417,124.24,-32.579,124.05,-32.789,-0.4954,-5.7163,-21.058,3.043,-21.039,3.3297,43.822,-5.0918,-21.089,3.2859,-21.072,3.3152,43.89,-4.9477,-21.123,3.3563,-21.105,3.2995,43.961,-5.1558,-21.156,3.2485,-21.138,3.2826,44.039,-5.0758,-21.189,3.2725,-21.171,3.2645,44.101,3.6027,-52.612,8.2238,-52.566,8.5056,21.405,3.1864,-52.695,8.3554,-52.651,8.4687,21.431,2.8982,-52.781,8.7019,-52.736,8.4286,21.458,3.5066,-52.867,8.3889,-52.82,8.3854,21.486,3.7788,-52.95,8.0655,-52.903,8.3391,21.508,-0.2688,-45.099,8.0498,-45.057,7.9119,-2.3443,-0.3583,-45.179,7.8793,-45.136,7.8775,-2.3318,-0.3244,-45.256,7.7983,-45.215,7.8402,-2.3182,-0.4078,-45.335,7.6476,-45.293,7.8,-2.3175,-0.2718,-45.412,7.9234,-45.371,7.757,-2.3133,0.658,51.13,7.2419,51.169,7.3859,0.1675,0.6147,51.056,7.3332,51.095,7.3538,0.1696,0.5715,50.983,7.4241,51.022,7.3189,0.1715,0.6456,50.91,7.2133,50.949,7.2814,0.1722,0.6055,50.838,7.2271,50.876,7.2413,0.1732,1.0071,67.768,-29.24,67.592,-29.525,-0.004,1.0194,68.061,-28.988,67.887,-29.396,-0.0027,0.9916,68.353,-28.939,68.18,-29.257,-0.0015,0.9267,68.644,-29.061,68.472,-29.107,-0.0024,0.9144,68.934,-29.006,68.762,-28.947,-0.0026,0,1
2.4018,122.58,-33.399,122.39,-33.577,-0.2561,1.9535,122.92,-33.491,122.72,-33.444,-0.3108,2.2257,123.25,-33.183,123.06,-33.298,-0.3512,2.4498,123.58,-32.865,123.39,-33.14,-0.3954,2.0816,123.91,-32.861,123.72,-32.971,-0.4455,-5.2679,-21.026,3.3148,-21.005,3.3429,43.746,-5.7163,-21.058,3.043,-21.039,3.3297,43.822,-5.0918,-21.089,3.2859,-21.072,3.3152,43.89,-4.9477,-21.123,3.3563,-21.105,3.2995,43.961,-5.1558,-21.156,3.2485,-21.138,3.2826,44.039,3.4906,-52.529,8.5591,-52.481,8.5395,21.379,3.6027,-52.612,8.2238,-52.566,8.5056,21.405,3.1864,-52.695,8.3554,-52.651,8.4687,21.431,2.8982,-52.781,8.7019,-52.736,8.4286,21.458,3.5066,-52.867,8.3889,-52.82,8.3854,21.486,-0.1575,-45.018,8.1475,-44.978,7.9434,-2.3393,-0.2688,-45.099,8.0498,-45.057,7.9119,-2.3443,-0.3583,-45.179,7.8793,-45.136,7.8775,-2.3318,-0.3244,-45.256,7.7983,-45.215,7.8402,-2.3182,-0.4078,-45.335,7.6476,-45.293,7.8,-2.3175,0.6734,51.202,7.3975,51.243,7.4152,0.1679,0.658,51.13,7.2419,51.169,7.3859,0.1675,0.6147,51.056,7.3332,51.095,7.3538,0.1696,0.5715,50.983,7.4241,51.022,7.3189,0.1715,0.6456,50.91,7.2133,50.949,7.2814,0.1722,0.9175,67.473,-29.784,67.297,-29.642,-0.002,1.0071,67.768,-29.24,67.592,-29.525,-0.004,1.0194,68.061,-28.988,67.887,-29.396,-0.0027,0.9916,68.353,-28.939,68.18,-29.257,-0.0015,0.9267,68.644,-29.061,68.472,-29.107,-0.0024,0,1
2.1616,122.25,-33.609,122.05,-33.697,-0.2023,2.4018,122.58,-33.399,122.39,-33.577,-0.2561,1.9535,122.92,-33.491,122.72,-33.444,-0.3108,2.2257,123.25,-33.183,123.06,-33.298,-0.3512,2.4498,123.58,-32.865,123.39,-33.14,-0.3954,-5.0758,-20.993,3.4241,-20.972,3.3549,43.679,-5.2679,-21.026,3.3148,-21.005,3.3429,43.746,-5.7163,-21.058,3.043,-21.039,3.3297,43.822,-5.0918,-21.089,3.2859,-21.072,3.3152,43.89,-4.9477,-21.123,3.3563,-21.105,3.2995,43.961,3.1383,-52.443,8.7937,-52.395,8.5701,21.356,3.4906,-52.529,8.5591,-52.481,8.5395,21.379,3.6027,-52.612,8.2238,-52.566,8.5056,21.405,3.1864,-52.695,8.3554,-52.651,8.4687,21.431,2.8982,-52.781,8.7019,-52.736,8.4286,21.458,-0.2749,-44.939,7.8524,-44.899,7.9719,-2.3415,-0.1575,-45.018,8.1475,-44.978,7.9434,-2.3393,-0.2688,-45.099,8.0498,-45.057,7.9119,-2.3443,-0.3583,-45.179,7.8793,-45.136,7.8775,-2.3318,-0.3244,-45.256,7.7983,-45.215,7.8402,-2.3182,0.5746,51.277,7.5832,51.317,7.4419,0.1673,0.6734,51.202,7.3975,51.243,7.4152,0.1679,0.658,51.13,7.2419,51.169,7.3859,0.1675,0.6147,51.056,7.3332,51.095,7.3538,0.1696,0.5715,50.983,7.4241,51.022,7.3189,0.1715,0.9422,67.177,-29.836,67,-29.749,-0.0013,0.9175,67.473,-29.784,67.297,-29.642,-0.002,1.0071,67.768,-29.24,67.592,-29.525,-0.004,1.0194,68.061,-28.988,67.887,-29.396,-0.0027,0.9916,68.353,-28.939,68.18,-29.257,-0.0015,0,1
2.5619,121.91,-33.534,121.72,-33.805,-0.1552,2.1616,122.25,-33.609,122.05,-33.697,-0.2023,2.4018,122.58,-33.399,122.39,-33.577,-0.2561,1.9535,122.92,-33.491,122.72,-33.444,-0.3108,2.2257,123.25,-33.183,123.06,-33.298,-0.3512,-5.2199,-20.959,3.3576,-20.938,3.3657,43.604,-5.0758,-20.993,3.4241,-20.972,3.3549,43.679,-5.2679,-21.026,3.3148,-21.005,3.3429,43.746,-5.7163,-21.058,3.043,-21.039,3.3297,43.822,-5.0918,-21.089,3.2859,-21.072,3.3152,43.89,2.9142,-52.354,8.721,-52.309,8.5976,21.33,3.1383,-52.443,8.7937,-52.395,8.5701,21.356,3.4906,-52.529,8.5591,-52.481,8.5395,21.379,3.6027,-52.612,8.2238,-52.566,8.5056,21.405,3.1864,-52.695,8.3554,-52.651,8.4687,21.431,-0.4572,-44.861,7.596,-44.819,7.9974,-2.3496,-0.2749,-44.939,7.8524,-44.899,7.9719,-2.3415,-0.1575,-45.018,8.1475,-44.978,7.9434,-2.3393,-0.2688,-45.099,8.0498,-45.057,7.9119,-2.3443,-0.3583,-45.179,7.8793,-45.136,7.8775,-2.3318,0.5838,51.352,7.4897,51.392,7.4657,0.1658,0.5746,51.277,7.5832,51.317,7.4419,0.1673,0.6734,51.202,7.3975,51.243,7.4152,0.1679,0.658,51.13,7.2419,51.169,7.3859,0.1675,0.6147,51.056,7.3332,51.095,7.3538,0.1696,0.9144,66.878,-30.013,66.702,-29.844,-0.0018,0.9422,67.177,-29.836,67,-29.749,-0.0013,0.9175,67.473,-29.784,67.297,-29.642,-0.002,1.0071,67.768,-29.24,67.592,-29.525,-0.004,1.0194,68.061,-28.988,67.887,-29.396,-0.0027,0,1
2.9622,121.71,-33.419,121.51,-33.864,-0.1259,2.5619,121.91,-33.534,121.72,-33.805,-0.1552,2.1616,122.25,-33.609,122.05,-33.697,-0.2023,2.4018,122.58,-33.399,122.39,-33.577,-0.2561,1.9535,122.92,-33.491,122.72,-33.444,-0.3108,-4.9797,-20.939,3.4685,-20.918,3.3715,43.546,-5.2199,-20.959,3.3576,-20.938,3.3657,43.604,-5.0758,-20.993,3.4241,-20.972,3.3549,43.679,-5.2679,-21.026,3.3148,-21.005,3.3429,43.746,-5.7163,-21.058,3.043,-21.039,3.3297,43.822,2.7701,-52.302,8.7737,-52.258,8.6125,21.308,2.9142,-52.354,8.721,-52.309,8.5976,21.33,3.1383,-52.443,8.7937,-52.395,8.5701,21.356,3.4906,-52.529,8.5591,-52.481,8.5395,21.379,3.6027,-52.612,8.2238,-52.566,8.5056,21.405,-0.3769,-44.814,7.9326,-44.771,8.0113,-2.3498,-0.4572,-44.861,7.596,-44.819,7.9974,-2.3496,-0.2749,-44.939,7.8524,-44.899,7.9719,-2.3415,-0.1575,-45.018,8.1475,-44.978,7.9434,-2.3393,-0.2688,-45.099,8.0498,-45.057,7.9119,-2.3443,0.6518,51.396,7.4161,51.436,7.4787,0.1654,0.5838,51.352,7.4897,51.392,7.4657,0.1658,0.5746,51.277,7.5832,51.317,7.4419,0.1673,0.6734,51.202,7.3975,51.243,7.4152,0.1679,0.658,51.13,7.2419,51.169,7.3859,0.1675,0.9237,66.699,-29.993,66.522,-29.896,-0.0012,0.9144,66.878,-30.013,66.702,-29.844,-0.0018,0.9422,67.177,-29.836,67,-29.749,-0.0013,0.9175,67.473,-29.784,67.297,-29.642,-0.002,1.0071,67.768,-29.24,67.592,-29.525,-0.004,0,1
2.3698,121.57,-33.748,121.38,-33.9,-0.1131,2.9622,121.71,-33.419,121.51,-33.864,-0.1259,2.5619,121.91,-33.534,121.72,-33.805,-0.1552,2.1616,122.25,-33.609,122.05,-33.697,-0.2023,2.4018,122.58,-33.399,122.39,-33.577,-0.2561,-5.3,-20.925,3.3136,-20.904,3.3751,43.52,-4.9797,-20.939,3.4685,-20.918,3.3715,43.546,-5.2199,-20.959,3.3576,-20.938,3.3657,43.604,-5.0758,-20.993,3.4241,-20.972,3.3549,43.679,-5.2679,-21.026,3.3148,-21.005,3.3429,43.746,3.5226,-52.269,8.2838,-52.223,8.6218,21.297,2.7701,-52.302,8.7737,-52.258,8.6125,21.308,2.9142,-52.354,8.721,-52.309,8.5976,21.33,3.1383,-52.443,8.7937,-52.395,8.5701,21.356,3.4906,-52.529,8.5591,-52.481,8.5395,21.379,-0.312,-44.782,8.0842,-44.739,8.02,-2.3627,-0.3769,-44.814,7.9326,-44.771,8.0113,-2.3498,-0.4572,-44.861,7.596,-44.819,7.9974,-2.3496,-0.2749,-44.939,7.8524,-44.899,7.9719,-2.3415,-0.1575,-45.018,8.1475,-44.978,7.9434,-2.3393,0.6827,51.426,7.372,51.466,7.4867,0.1638,0.6518,51.396,7.4161,51.436,7.4787,0.1654,0.5838,51.352,7.4897,51.392,7.4657,0.1658,0.5746,51.277,7.5832,51.317,7.4419,0.1673,0.6734,51.202,7.3975,51.243,7.4152,0.1679,0.902,66.579,-30.085,66.403,-29.928,-0.0029,0.9237,66.699,-29.993,66.522,-29.896,-0.0012,0.9144,66.878,-30.013,66.702,-29.844,-0.0018,0.9422,67.177,-29.836,67,-29.749,-0.0013,0.9175,67.473,-29.784,67.297,-29.642,-0.002,0,1
2.2257,121.23,-33.9,121.04,-33.983,-0.0709,2.3698,121.57,-33.748,121.38,-33.9,-0.1131,2.9622,121.71,-33.419,121.51,-33.864,-0.1259,2.5619,121.91,-33.534,121.72,-33.805,-0.1552,2.1616,122.25,-33.609,122.05,-33.697,-0.2023,-5.7483,-20.893,3.1633,-20.871,3.3834,43.444,-5.3,-20.925,3.3136,-20.904,3.3751,43.52,-4.9797,-20.939,3.4685,-20.918,3.3715,43.546,-5.2199,-20.959,3.3576,-20.938,3.3657,43.604,-5.0758,-20.993,3.4241,-20.972,3.3549,43.679,4.1311,-52.186,8.0883,-52.137,8.6428,21.27,3.5226,-52.269,8.2838,-52.223,8.6218,21.297,2.7701,-52.302,8.7737,-52.258,8.6125,21.308,2.9142,-52.354,8.721,-52.309,8.5976,21.33,3.1383,-52.443,8.7937,-52.395,8.5701,21.356,-0.2348,-44.7,8.1474,-44.658,8.0395,-2.3731,-0.312,-44.782,8.0842,-44.739,8.02,-2.3627,-0.3769,-44.814,7.9326,-44.771,8.0113,-2.3498,-0.4572,-44.861,7.596,-44.819,7.9974,-2.3496,-0.2749,-44.939,7.8524,-44.899,7.9719,-2.3415,0.6302,51.501,7.5,51.541,7.505,0.1618,0.6827,51.426,7.372,51.466,7.4867,0.1638,0.6518,51.396,7.4161,51.436,7.4787,0.1654,0.5838,51.352,7.4897,51.392,7.4657,0.1658,0.5746,51.277,7.5832,51.317,7.4419,0.1673,0.9453,66.279,-29.913,66.103,-30.001,-0.0037,0.902,66.579,-30.085,66.403,-29.928,-0.0029,0.9237,66.699,-29.993,66.522,-29.896,-0.0012,0.9144,66.878,-30.013,66.702,-29.844,-0.0018,0.9422,67.177,-29.836,67,-29.749,-0.0013,0,1
1.6973,120.89,-34.214,120.7,-34.053,-0.0136,2.2257,121.23,-33.9,121.04,-33.983,-0.0709,2.3698,121.57,-33.748,121.38,-33.9,-0.1131,2.9622,121.71,-33.419,121.51,-33.864,-0.1259,2.5619,121.91,-33.534,121.72,-33.805,-0.1552,-5.396,-20.86,3.3672,-20.837,3.3903,43.376,-5.7483,-20.893,3.1633,-20.871,3.3834,43.444,-5.3,-20.925,3.3136,-20.904,3.3751,43.52,-4.9797,-20.939,3.4685,-20.918,3.3715,43.546,-5.2199,-20.959,3.3576,-20.938,3.3657,43.604,3.5707,-52.1,8.6117,-52.051,8.6605,21.246,4.1311,-52.186,8.0883,-52.137,8.6428,21.27,3.5226,-52.269,8.2838,-52.223,8.6218,21.297,2.7701,-52.302,8.7737,-52.258,8.6125,21.308,2.9142,-52.354,8.721,-52.309,8.5976,21.33,-0.241,-44.618,7.9834,-44.578,8.056,-2.3701,-0.2348,-44.7,8.1474,-44.658,8.0395,-2.3731,-0.312,-44.782,8.0842,-44.739,8.02,-2.3627,-0.3769,-44.814,7.9326,-44.771,8.0113,-2.3498,-0.4572,-44.861,7.596,-44.819,7.9974,-2.3496,0.6302,51.576,7.5603,51.616,7.5204,0.1617,0.6302,51.501,7.5,51.541,7.505,0.1618,0.6827,51.426,7.372,51.466,7.4867,0.1638,0.6518,51.396,7.4161,51.436,7.4787,0.1654,0.5838,51.352,7.4897,51.392,7.4657,0.1658,0.9638,65.979,-29.89,65.803,-30.063,-0.0021,0.9453,66.279,-29.913,66.103,-30.001,-0.0037,0.902,66.579,-30.085,66.403,-29.928,-0.0029,0.9237,66.699,-29.993,66.522,-29.896,-0.0012,0.9144,66.878,-30.013,66.702,-29.844,-0.0018,0,1
2.722,120.55,-33.772,120.36,-34.109,0.0372,1.6973,120.89,-34.214,120.7,-34.053,-0.0136,2.2257,121.23,-33.9,121.04,-33.983,-0.0709,2.3698,121.57,-33.748,121.38,-33.9,-0.1131,2.9622,121.71,-33.419,121.51,-33.864,-0.1259,-5.2199,-20.826,3.4431,-20.803,3.396,43.283,-5.396,-20.86,3.3672,-20.837,3.3903,43.376,-5.7483,-20.893,3.1633,-20.871,3.3834,43.444,-5.3,-20.925,3.3136,-20.904,3.3751,43.52,-4.9797,-20.939,3.4685,-20.918,3.3715,43.546,2.7541,-52.011,9.0741,-51.964,8.675,21.214,3.5707,-52.1,8.6117,-52.051,8.6605,21.246,4.1311,-52.186,8.0883,-52.137,8.6428,21.27,3.5226,-52.269,8.2838,-52.223,8.6218,21.297,2.7701,-52.302,8.7737,-52.258,8.6125,21.308,-0.2935,-44.539,7.9983,-44.497,8.0695,-2.3666,-0.241,-44.618,7.9834,-44.578,8.056,-2.3701,-0.2348,-44.7,8.1474,-44.658,8.0395,-2.3731,-0.312,-44.782,8.0842,-44.739,8.02,-2.3627,-0.3769,-44.814,7.9326,-44.771,8.0113,-2.3498,0.6611,51.651,7.4636,51.692,7.533,0.1611,0.6302,51.576,7.5603,51.616,7.5204,0.1617,0.6302,51.501,7.5,51.541,7.505,0.1618,0.6827,51.426,7.372,51.466,7.4867,0.1638,0.6518,51.396,7.4161,51.436,7.4787,0.1654,0.9885,65.679,-29.857,65.502,-30.113,-0.0008,0.9638,65.979,-29.89,65.803,-30.063,-0.0021,0.9453,66.279,-29.913,66.103,-30.001,-0.0037,0.902,66.579,-30.085,66.403,-29.928,-0.0029,0.9237,66.699,-29.993,66.522,-29.896,-0.0012,0,1
3.0102,120.21,-33.751,120.01,-34.154,0.0844,2.722,120.55,-33.772,120.36,-34.109,0.0372,1.6973,120.89,-34.214,120.7,-34.053,-0.0136,2.2257,121.23,-33.9,121.04,-33.983,-0.0709,2.3698,121.57,-33.748,121.38,-33.9,-0.1131,-5.2359,-20.791,3.4379,-20.769,3.4004,43.203,-5.2199,-20.826,3.4431,-20.803,3.396,43.283,-5.396,-20.86,3.3672,-20.837,3.3903,43.376,-5.7483,-20.893,3.1633,-20.871,3.3834,43.444,-5.3,-20.925,3.3136,-20.904,3.3751,43.52,2.8181,-51.922,8.8861,-51.877,8.6862,21.186,2.7541,-52.011,9.0741,-51.964,8.675,21.214,3.5707,-52.1,8.6117,-52.051,8.6605,21.246,4.1311,-52.186,8.0883,-52.137,8.6428,21.27,3.5226,-52.269,8.2838,-52.223,8.6218,21.297,-0.4572,-44.461,7.8293,-44.416,8.0799,-2.3748,-0.2935,-44.539,7.9983,-44.497,8.0695,-2.3666,-0.241,-44.618,7.9834,-44.578,8.056,-2.3701,-0.2348,-44.7,8.1474,-44.658,8.0395,-2.3731,-0.312,-44.782,8.0842,-44.739,8.02,-2.3627,0.6147,51.727,7.59,51.767,7.5427,0.1596,0.6611,51.651,7.4636,51.692,7.533,0.1611,0.6302,51.576,7.5603,51.616,7.5204,0.1617,0.6302,51.501,7.5,51.541,7.505,0.1618,0.6827,51.426,7.372,51.466,7.4867,0.1638,0.9422,65.378,-30.15,65.201,-30.152,-0.0012,0.9885,65.679,-29.857,65.502,-30.113,-0.0008,0.9638,65.979,-29.89,65.803,-30.063,-0.0021,0.9453,66.279,-29.913,66.103,-30.001,-0.0037,0.902,66.579,-30.085,66.403,-29.928,-0.0029,0,1
2.0816,119.87,-34.266,119.67,-34.185,0.1286,3.0102,120.21,-33.751,120.01,-34.154,0.0844,2.722,120.55,-33.772,120.36,-34.109,0.0372,1.6973,120.89,-34.214,120.7,-34.053,-0.0136,2.2257,121.23,-33.9,121.04,-33.983,-0.0709,-5.316,-20.757,3.3921,-20.735,3.4034,43.126,-5.2359,-20.791,3.4379,-20.769,3.4004,43.203,-5.2199,-20.826,3.4431,-20.803,3.396,43.283,-5.396,-20.86,3.3672,-20.837,3.3903,43.376,-5.7483,-20.893,3.1633,-20.871,3.3834,43.444,3.3625,-51.837,8.5853,-51.79,8.6941,21.156,2.8181,-51.922,8.8861,-51.877,8.6862,21.186,2.7541,-52.011,9.0741,-51.964,8.675,21.214,3.5707,-52.1,8.6117,-52.051,8.6605,21.246,4.1311,-52.186,8.0883,-52.137,8.6428,21.27,-0.3676,-44.38,8.1259,-44.336,8.0872,-2.3881,-0.4572,-44.461,7.8293,-44.416,8.0799,-2.3748,-0.2935,-44.539,7.9983,-44.497,8.0695,-2.3666,-0.241,-44.618,7.9834,-44.578,8.056,-2.3701,-0.2348,-44.7,8.1474,-44.658,8.0395,-2.3731,0.7105,51.802,7.4405,51.842,7.5495,0.1574,0.6147,51.727,7.59,51.767,7.5427,0.1596,0.6611,51.651,7.4636,51.692,7.533,0.1611,0.6302,51.576,7.5603,51.616,7.5204,0.1617,0.6302,51.501,7.5,51.541,7.505,0.1618,1.0318,65.077,-29.794,64.899,-30.179,-0.0024,0.9422,65.378,-30.15,65.201,-30.152,-0.0012,0.9885,65.679,-29.857,65.502,-30.113,-0.0008,0.9638,65.979,-29.89,65.803,-30.063,-0.0021,0.9453,66.279,-29.913,66.103,-30.001,-0.0037,0,1
1.9054,119.53,-34.35,119.33,-34.203,0.1716,2.0816,119.87,-34.266,119.67,-34.185,0.1286,3.0102,120.21,-33.751,120.01,-34.154,0.0844,2.722,120.55,-33.772,120.36,-34.109,0.0372,1.6973,120.89,-34.214,120.7,-34.053,-0.0136,-5.4921,-20.724,3.3256,-20.701,3.4053,43.042,-5.316,-20.757,3.3921,-20.735,3.4034,43.126,-5.2359,-20.791,3.4379,-20.769,3.4004,43.203,-5.2199,-20.826,3.4431,-20.803,3.396,43.283,-5.396,-20.86,3.3672,-20.837,3.3903,43.376,3.971,-51.753,8.4103,-51.703,8.6987,21.125,3.3625,-51.837,8.5853,-51.79,8.6941,21.156,2.8181,-51.922,8.8861,-51.877,8.6862,21.186,2.7541,-52.011,9.0741,-51.964,8.675,21.214,3.5707,-52.1,8.6117,-52.051,8.6605,21.246,-0.1452,-44.297,8.457,-44.255,8.0915,-2.3963,-0.3676,-44.38,8.1259,-44.336,8.0872,-2.3881,-0.4572,-44.461,7.8293,-44.416,8.0799,-2.3748,-0.2935,-44.539,7.9983,-44.497,8.0695,-2.3666,-0.241,-44.618,7.9834,-44.578,8.056,-2.3701,0.6456,51.878,7.506,51.918,7.5536,0.1558,0.7105,51.802,7.4405,51.842,7.5495,0.1574,0.6147,51.727,7.59,51.767,7.5427,0.1596,0.6611,51.651,7.4636,51.692,7.533,0.1611,0.6302,51.576,7.5603,51.616,7.5204,0.1617,0.97,64.776,-30.145,64.597,-30.195,-0.0027,1.0318,65.077,-29.794,64.899,-30.179,-0.0024,0.9422,65.378,-30.15,65.201,-30.152,-0.0012,0.9885,65.679,-29.857,65.502,-30.113,-0.0008,0.9638,65.979,-29.89,65.803,-30.063,-0.0021,0,1
1.6652,119.19,-34.416,118.99,-34.208,0.2313,1.9054,119.53,-34.35,119.33,-34.203,0.1716,2.0816,119.87,-34.266,119.67,-34.185,0.1286,3.0102,120.21,-33.751,120.01,-34.154,0.0844,2.722,120.55,-33.772,120.36,-34.109,0.0372,-4.8356,-20.689,3.6183,-20.667,3.4058,42.971,-5.4921,-20.724,3.3256,-20.701,3.4053,43.042,-5.316,-20.757,3.3921,-20.735,3.4034,43.126,-5.2359,-20.791,3.4379,-20.769,3.4004,43.203,-5.2199,-20.826,3.4431,-20.803,3.396,43.283,3.5066,-51.666,8.7692,-51.616,8.7001,21.103,3.971,-51.753,8.4103,-51.703,8.6987,21.125,3.3625,-51.837,8.5853,-51.79,8.6941,21.156,2.8181,-51.922,8.8861,-51.877,8.6862,21.186,2.7541,-52.011,9.0741,-51.964,8.675,21.214,-0.2811,-44.215,7.9585,-44.174,8.0928,-2.3922,-0.1452,-44.297,8.457,-44.255,8.0915,-2.3963,-0.3676,-44.38,8.1259,-44.336,8.0872,-2.3881,-0.4572,-44.461,7.8293,-44.416,8.0799,-2.3748,-0.2935,-44.539,7.9983,-44.497,8.0695,-2.3666,0.6117,51.953,7.6642,51.993,7.5547,0.156,0.6456,51.878,7.506,51.918,7.5536,0.1558,0.7105,51.802,7.4405,51.842,7.5495,0.1574,0.6147,51.727,7.59,51.767,7.5427,0.1596,0.6611,51.651,7.4636,51.692,7.533,0.1611,0.9607,64.474,-30.223,64.295,-30.2,-0.001,0.97,64.776,-30.145,64.597,-30.195,-0.0027,1.0318,65.077,-29.794,64.899,-30.179,-0.0024,0.9422,65.378,-30.15,65.201,-30.152,-0.0012,0.9885,65.679,-29.857,65.502,-30.113,-0.0008,0,1
1.7933,118.84,-34.335,118.65,-34.208,0.2318,1.6652,119.19,-34.416,118.99,-34.208,0.2313,1.9054,119.53,-34.35,119.33,-34.203,0.1716,2.0816,119.87,-34.266,119.67,-34.185,0.1286,3.0102,120.21,-33.751,120.01,-34.154,0.0844,-5.0598,-20.653,3.475,-20.633,3.4058,42.912,-4.8356,-20.689,3.6183,-20.667,3.4058,42.971,-5.4921,-20.724,3.3256,-20.701,3.4053,43.042,-5.316,-20.757,3.3921,-20.735,3.4034,43.126,-5.2359,-20.791,3.4379,-20.769,3.4004,43.203,2.9782,-51.576,8.8662,-51.529,8.7001,21.08,3.5066,-51.666,8.7692,-51.616,8.7001,21.103,3.971,-51.753,8.4103,-51.703,8.6987,21.125,3.3625,-51.837,8.5853,-51.79,8.6941,21.156,2.8181,-51.922,8.8861,-51.877,8.6862,21.186,-0.3738,-44.136,7.9234,-44.093,8.0928,-2.3973,-0.2811,-44.215,7.9585,-44.174,8.0928,-2.3922,-0.1452,-44.297,8.457,-44.255,8.0915,-2.3963,-0.3676,-44.38,8.1259,-44.336,8.0872,-2.3881,-0.4572,-44.461,7.8293,-44.416,8.0799,-2.3748,0.6024,52.029,7.6128,52.069,7.5547,0.1538,0.6117,51.953,7.6642,51.993,7.5547,0.156,0.6456,51.878,7.506,51.918,7.5536,0.1558,0.7105,51.802,7.4405,51.842,7.5495,0.1574,0.6147,51.727,7.59,51.767,7.5427,0.1596,0.9422,64.171,-30.243,63.993,-30.2,-0.0016,0.9607,64.474,-30.223,64.295,-30.2,-0.001,0.97,64.776,-30.145,64.597,-30.195,-0.0027,1.0318,65.077,-29.794,64.899,-30.179,-0.0024,0.9422,65.378,-30.15,65.201,-30.152,-0.0012,0,1
2.5139,118.5,-34.035,118.3,-34.208,0.2297,1.7933,118.84,-34.335,118.65,-34.208,0.2318,1.6652,119.19,-34.416,118.99,-34.208,0.2313,1.9054,119.53,-34.35,119.33,-34.203,0.1716,2.0816,119.87,-34.266,119.67,-34.185,0.1286,-4.9797,-20.618,3.4866,-20.599,3.4058,42.848,-5.0598,-20.653,3.475,-20.633,3.4058,42.912,-4.8356,-20.689,3.6183,-20.667,3.4058,42.971,-5.4921,-20.724,3.3256,-20.701,3.4053,43.042,-5.316,-20.757,3.3921,-20.735,3.4034,43.126,3.1704,-51.488,8.6003,-51.442,8.7001,21.056,2.9782,-51.576,8.8662,-51.529,8.7001,21.08,3.5066,-51.666,8.7692,-51.616,8.7001,21.103,3.971,-51.753,8.4103,-51.703,8.6987,21.125,3.3625,-51.837,8.5853,-51.79,8.6941,21.156,-0.485,-44.057,7.9495,-44.012,8.0928,-2.4013,-0.3738,-44.136,7.9234,-44.093,8.0928,-2.3973,-0.2811,-44.215,7.9585,-44.174,8.0928,-2.3922,-0.1452,-44.297,8.457,-44.255,8.0915,-2.3963,-0.3676,-44.38,8.1259,-44.336,8.0872,-2.3881,0.5838,52.105,7.5813,52.145,7.5547,0.1518,0.6024,52.029,7.6128,52.069,7.5547,0.1538,0.6117,51.953,7.6642,51.993,7.5547,0.156,0.6456,51.878,7.506,51.918,7.5536,0.1558,0.7105,51.802,7.4405,51.842,7.5495,0.1574,0.9793,63.869,-30.058,63.691,-30.2,-0.0018,0.9422,64.171,-30.243,63.993,-30.2,-0.0016,0.9607,64.474,-30.223,64.295,-30.2,-0.001,0.97,64.776,-30.145,64.597,-30.195,-0.0027,1.0318,65.077,-29.794,64.899,-30.179,-0.0024,0,1
1.9855,118.3,-34.285,118.1,-34.208,0.2261,2.5139,118.5,-34.035,118.3,-34.208,0.2297,1.7933,118.84,-34.335,118.65,-34.208,0.2318,1.6652,119.19,-34.416,118.99,-34.208,0.2313,1.9054,119.53,-34.35,119.33,-34.203,0.1716,-5.1238,-20.598,3.4162,-20.578,3.4058,42.816,-4.9797,-20.618,3.4866,-20.599,3.4058,42.848,-5.0598,-20.653,3.475,-20.633,3.4058,42.912,-4.8356,-20.689,3.6183,-20.667,3.4058,42.971,-5.4921,-20.724,3.3256,-20.701,3.4053,43.042,3.6187,-51.437,8.4182,-51.39,8.7001,21.042,3.1704,-51.488,8.6003,-51.442,8.7001,21.056,2.9782,-51.576,8.8662,-51.529,8.7001,21.08,3.5066,-51.666,8.7692,-51.616,8.7001,21.103,3.971,-51.753,8.4103,-51.703,8.6987,21.125,-0.3213,-44.008,8.3212,-43.964,8.0928,-2.4076,-0.485,-44.057,7.9495,-44.012,8.0928,-2.4013,-0.3738,-44.136,7.9234,-44.093,8.0928,-2.3973,-0.2811,-44.215,7.9585,-44.174,8.0928,-2.3922,-0.1452,-44.297,8.457,-44.255,8.0915,-2.3963,0.7012,52.15,7.3652,52.19,7.5547,0.1504,0.5838,52.105,7.5813,52.145,7.5547,0.1518,0.6024,52.029,7.6128,52.069,7.5547,0.1538,0.6117,51.953,7.6642,51.993,7.5547,0.156,0.6456,51.878,7.506,51.918,7.5536,0.1558,0.9113,63.687,-30.331,63.51,-30.2,-0.0026,0.9793,63.869,-30.058,63.691,-30.2,-0.0018,0.9422,64.171,-30.243,63.993,-30.2,-0.0016,0.9607,64.474,-30.223,64.295,-30.2,-0.001,0.97,64.776,-30.145,64.597,-30.195,-0.0027,0,1
2.5299,118.16,-34.029,117.96,-34.208,0.2239,1.9855,118.3,-34.285,118.1,-34.208,0.2261,2.5139,118.5,-34.035,118.3,-34.208,0.2297,1.7933,118.84,-34.335,118.65,-34.208,0.2318,1.6652,119.19,-34.416,118.99,-34.208,0.2313,-5.332,-20.584,3.3202,-20.564,3.4058,42.786,-5.1238,-20.598,3.4162,-20.578,3.4058,42.816,-4.9797,-20.618,3.4866,-20.599,3.4058,42.848,-5.0598,-20.653,3.475,-20.633,3.4058,42.912,-4.8356,-20.689,3.6183,-20.667,3.4058,42.971,3.4266,-51.403,8.6417,-51.355,8.7001,21.032,3.6187,-51.437,8.4182,-51.39,8.7001,21.042,3.1704,-51.488,8.6003,-51.442,8.7001,21.056,2.9782,-51.576,8.8662,-51.529,8.7001,21.08,3.5066,-51.666,8.7692,-51.616,8.7001,21.103,-0.2688,-43.975,8.3522,-43.931,8.0928,-2.4059,-0.3213,-44.008,8.3212,-43.964,8.0928,-2.4076,-0.485,-44.057,7.9495,-44.012,8.0928,-2.4013,-0.3738,-44.136,7.9234,-44.093,8.0928,-2.3973,-0.2811,-44.215,7.9585,-44.174,8.0928,-2.3922,0.6703,52.18,7.5035,52.22,7.5547,0.1495,0.7012,52.15,7.3652,52.19,7.5547,0.1504,0.5838,52.105,7.5813,52.145,7.5547,0.1518,0.6024,52.029,7.6128,52.069,7.5547,0.1538,0.6117,51.953,7.6642,51.993,7.5547,0.156,0.9978,63.567,-29.956,63.389,-30.2,-0.0023,0.9113,63.687,-30.331,63.51,-30.2,-0.0026,0.9793,63.869,-30.058,63.691,-30.2,-0.0018,0.9422,64.171,-30.243,63.993,-30.2,-0.0016,0.9607,64.474,-30.223,64.295,-30.2,-0.001,0,1
1.4091,117.82,-34.516,117.62,-34.208,0.229,2.5299,118.16,-34.029,117.96,-34.208,0.2239,1.9855,118.3,-34.285,118.1,-34.208,0.2261,2.5139,118.5,-34.035,118.3,-34.208,0.2297,1.7933,118.84,-34.335,118.65,-34.208,0.2318,-5.348,-20.552,3.3458,-20.53,3.4058,42.751,-5.332,-20.584,3.3202,-20.564,3.4058,42.786,-5.1238,-20.598,3.4162,-20.578,3.4058,42.816,-4.9797,-20.618,3.4866,-20.599,3.4058,42.848,-5.0598,-20.653,3.475,-20.633,3.4058,42.912,3.2504,-51.318,8.9321,-51.268,8.7001,21.017,3.4266,-51.403,8.6417,-51.355,8.7001,21.032,3.6187,-51.437,8.4182,-51.39,8.7001,21.042,3.1704,-51.488,8.6003,-51.442,8.7001,21.056,2.9782,-51.576,8.8662,-51.529,8.7001,21.08,-0.2657,-43.893,8.1978,-43.85,8.0928,-2.4066,-0.2688,-43.975,8.3522,-43.931,8.0928,-2.4059,-0.3213,-44.008,8.3212,-43.964,8.0928,-2.4076,-0.485,-44.057,7.9495,-44.012,8.0928,-2.4013,-0.3738,-44.136,7.9234,-44.093,8.0928,-2.3973,0.7105,52.255,7.3914,52.296,7.5547,0.1482,0.6703,52.18,7.5035,52.22,7.5547,0.1495,0.7012,52.15,7.3652,52.19,7.5547,0.1504,0.5838,52.105,7.5813,52.145,7.5547,0.1518,0.6024,52.029,7.6128,52.069,7.5547,0.1538,0.9793,63.265,-30.055,63.087,-30.2,-0.002,0.9978,63.567,-29.956,63.389,-30.2,-0.0023,0.9113,63.687,-30.331,63.51,-30.2,-0.0026,0.9793,63.869,-30.058,63.691,-30.2,-0.0018,0.9422,64.171,-30.243,63.993,-30.2,-0.0016,0,1
2.5299,117.47,-33.973,117.28,-34.208,0.2351,1.4091,117.82,-34.516,117.62,-34.208,0.229,2.5299,118.16,-34.029,117.96,-34.208,0.2239,1.9855,118.3,-34.285,118.1,-34.208,0.2261,2.5139,118.5,-34.035,118.3,-34.208,0.2297,-4.8356,-20.517,3.5629,-20.496,3.4058,42.685,-5.348,-20.552,3.3458,-20.53,3.4058,42.751,-5.332,-20.584,3.3202,-20.564,3.4058,42.786,-5.1238,-20.598,3.4162,-20.578,3.4058,42.816,-4.9797,-20.618,3.4866,-20.599,3.4058,42.848,2.8021,-51.228,9.0793,-51.181,8.7001,20.995,3.2504,-51.318,8.9321,-51.268,8.7001,21.017,3.4266,-51.403,8.6417,-51.355,8.7001,21.032,3.6187,-51.437,8.4182,-51.39,8.7001,21.042,3.1704,-51.488,8.6003,-51.442,8.7001,21.056,-0.3707,-43.813,8.0454,-43.769,8.0928,-2.4,-0.2657,-43.893,8.1978,-43.85,8.0928,-2.4066,-0.2688,-43.975,8.3522,-43.931,8.0928,-2.4059,-0.3213,-44.008,8.3212,-43.964,8.0928,-2.4076,-0.485,-44.057,7.9495,-44.012,8.0928,-2.4013,0.6518,52.33,7.6692,52.371,7.5547,0.1478,0.7105,52.255,7.3914,52.296,7.5547,0.1482,0.6703,52.18,7.5035,52.22,7.5547,0.1495,0.7012,52.15,7.3652,52.19,7.5547,0.1504,0.5838,52.105,7.5813,52.145,7.5547,0.1518,0.8928,62.962,-30.416,62.785,-30.2,-0.0004,0.9793,63.265,-30.055,63.087,-30.2,-0.002,0.9978,63.567,-29.956,63.389,-30.2,-0.0023,0.9113,63.687,-30.331,63.51,-30.2,-0.0026,0.9793,63.869,-30.058,63.691,-30.2,-0.0018,0,1
2.722,117.13,-33.946,116.94,-34.208,0.2315,2.5299,117.47,-33.973,117.28,-34.208,0.2351,1.4091,117.82,-34.516,117.62,-34.208,0.229,2.5299,118.16,-34.029,117.96,-34.208,0.2239,1.9855,118.3,-34.285,118.1,-34.208,0.2261,-4.9797,-20.481,3.4598,-20.462,3.4058,42.63,-4.8356,-20.517,3.5629,-20.496,3.4058,42.685,-5.348,-20.552,3.3458,-20.53,3.4058,42.751,-5.332,-20.584,3.3202,-20.564,3.4058,42.786,-5.1238,-20.598,3.4162,-20.578,3.4058,42.816,3.0583,-51.14,8.7082,-51.094,8.7001,20.974,2.8021,-51.228,9.0793,-51.181,8.7001,20.995,3.2504,-51.318,8.9321,-51.268,8.7001,21.017,3.4266,-51.403,8.6417,-51.355,8.7001,21.032,3.6187,-51.437,8.4182,-51.39,8.7001,21.042,-0.4541,-43.733,7.9434,-43.688,8.0928,-2.4097,-0.3707,-43.813,8.0454,-43.769,8.0928,-2.4,-0.2657,-43.893,8.1978,-43.85,8.0928,-2.4066,-0.2688,-43.975,8.3522,-43.931,8.0928,-2.4059,-0.3213,-44.008,8.3212,-43.964,8.0928,-2.4076,0.658,52.406,7.5789,52.447,7.5547,0.1453,0.6518,52.33,7.6692,52.371,7.5547,0.1478,0.7105,52.255,7.3914,52.296,7.5547,0.1482,0.6703,52.18,7.5035,52.22,7.5547,0.1495,0.7012,52.15,7.3652,52.19,7.5547,0.1504,0.9175,62.661,-30.348,62.483,-30.2,-0.0017,0.8928,62.962,-30.416,62.785,-30.2,-0.0004,0.9793,63.265,-30.055,63.087,-30.2,-0.002,0.9978,63.567,-29.956,63.389,-30.2,-0.0023,0.9113,63.687,-30.331,63.51,-30.2,-0.0026,0,1
2.3377,116.79,-34.182,116.59,-34.208,0.2293,2.722,117.13,-33.946,116.94,-34.208,0.2315,2.5299,117.47,-33.973,117.28,-34.208,0.2351,1.4091,117.82,-34.516,117.62,-34.208,0.229,2.5299,118.16,-34.029,117.96,-34.208,0.2239,-4.9157,-20.447,3.4809,-20.428,3.4058,42.576,-4.9797,-20.481,3.4598,-20.462,3.4058,42.63,-4.8356,-20.517,3.5629,-20.496,3.4058,42.685,-5.348,-20.552,3.3458,-20.53,3.4058,42.751,-5.332,-20.584,3.3202,-20.564,3.4058,42.786,3.6827,-51.054,8.3,-51.007,8.7001,20.952,3.0583,-51.14,8.7082,-51.094,8.7001,20.974,2.8021,-51.228,9.0793,-51.181,8.7001,20.995,3.2504,-51.318,8.9321,-51.268,8.7001,21.017,3.4266,-51.403,8.6417,-51.355,8.7001,21.032,-0.3954,-43.652,8.1406,-43.607,8.0928,-2.418,-0.4541,-43.733,7.9434,-43.688,8.0928,-2.4097,-0.3707,-43.813,8.0454,-43.769,8.0928,-2.4,-0.2657,-43.893,8.1978,-43.85,8.0928,-2.4066,-0.2688,-43.975,8.3522,-43.931,8.0928,-2.4059,0.6117,52.483,7.576,52.522,7.5547,0.1432,0.658,52.406,7.5789,52.447,7.5547,0.1453,0.6518,52.33,7.6692,52.371,7.5547,0.1478,0.7105,52.255,7.3914,52.296,7.5547,0.1482,0.6703,52.18,7.5035,52.22,7.5547,0.1495,0.9237,62.358,-30.295,62.181,-30.2,-0.0025,0.9175,62.661,-30.348,62.483,-30.2,-0.0017,0.8928,62.962,-30.416,62.785,-30.2,-0.0004,0.9793,63.265,-30.055,63.087,-30.2,-0.002,0.9978,63.567,-29.956,63.389,-30.2,-0.0023,0,1
1.9374,116.45,-34.346,116.25,-34.208,0.2302,2.3377,116.79,-34.182,116.59,-34.208,0.2293,2.722,117.13,-33.946,116.94,-34.208,0.2315,2.5299,117.47,-33.973,117.28,-34.208,0.2351,1.4091,117.82,-34.516,117.62,-34.208,0.229,-4.9317,-20.412,3.4438,-20.394,3.4058,42.526,-4.9157,-20.447,3.4809,-20.428,3.4058,42.576,-4.9797,-20.481,3.4598,-20.462,3.4058,42.63,-4.8356,-20.517,3.5629,-20.496,3.4058,42.685,-5.348,-20.552,3.3458,-20.53,3.4058,42.751,3.8429,-50.969,8.4091,-50.92,8.7001,20.933,3.6827,-51.054,8.3,-51.007,8.7001,20.952,3.0583,-51.14,8.7082,-51.094,8.7001,20.974,2.8021,-51.228,9.0793,-51.181,8.7001,20.995,3.2504,-51.318,8.9321,-51.268,8.7001,21.017,-0.3491,-43.57,8.1372,-43.526,8.0928,-2.4204,-0.3954,-43.652,8.1406,-43.607,8.0928,-2.418,-0.4541,-43.733,7.9434,-43.688,8.0928,-2.4097,-0.3707,-43.813,8.0454,-43.769,8.0928,-2.4,-0.2657,-43.893,8.1978,-43.85,8.0928,-2.4066,0.6487,52.558,7.4623,52.598,7.5547,0.1415,0.6117,52.483,7.576,52.522,7.5547,0.1432,0.658,52.406,7.5789,52.447,7.5547,0.1453,0.6518,52.33,7.6692,52.371,7.5547,0.1478,0.7105,52.255,7.3914,52.296,7.5547,0.1482,0.902,62.056,-30.379,61.879,-30.2,-0.0026,0.9237,62.358,-30.295,62.181,-30.2,-0.0025,0.9175,62.661,-30.348,62.483,-30.2,-0.0017,0.8928,62.962,-30.416,62.785,-30.2,-0.0004,0.9793,63.265,-30.055,63.087,-30.2,-0.002,0,1
1.8094,116.11,-34.336,115.91,-34.208,0.2301,1.9374,116.45,-34.346,116.25,-34.208,0.2302,2.3377,116.79,-34.182,116.59,-34.208,0.2293,2.722,117.13,-33.946,116.94,-34.208,0.2315,2.5299,117.47,-33.973,117.28,-34.208,0.2351,-5.1078,-20.379,3.3703,-20.36,3.4058,42.471,-4.9317,-20.412,3.4438,-20.394,3.4058,42.526,-4.9157,-20.447,3.4809,-20.428,3.4058,42.576,-4.9797,-20.481,3.4598,-20.462,3.4058,42.63,-4.8356,-20.517,3.5629,-20.496,3.4058,42.685,3.3625,-50.882,8.7417,-50.833,8.7001,20.911,3.8429,-50.969,8.4091,-50.92,8.7001,20.933,3.6827,-51.054,8.3,-51.007,8.7001,20.952,3.0583,-51.14,8.7082,-51.094,8.7001,20.974,2.8021,-51.228,9.0793,-51.181,8.7001,20.995,-0.2718,-43.488,8.2283,-43.446,8.0928,-2.4198,-0.3491,-43.57,8.1372,-43.526,8.0928,-2.4204,-0.3954,-43.652,8.1406,-43.607,8.0928,-2.418,-0.4541,-43.733,7.9434,-43.688,8.0928,-2.4097,-0.3707,-43.813,8.0454,-43.769,8.0928,-2.4,0.6889,52.633,7.4511,52.673,7.5547,0.1398,0.6487,52.558,7.4623,52.598,7.5547,0.1415,0.6117,52.483,7.576,52.522,7.5547,0.1432,0.658,52.406,7.5789,52.447,7.5547,0.1453,0.6518,52.33,7.6692,52.371,7.5547,0.1478,0.9051,61.754,-30.332,61.577,-30.2,-0.0022,0.902,62.056,-30.379,61.879,-30.2,-0.0026,0.9237,62.358,-30.295,62.181,-30.2,-0.0025,0.9175,62.661,-30.348,62.483,-30.2,-0.0017,0.8928,62.962,-30.416,62.785,-30.2,-0.0004,0,1
2.3057,115.76,-34.092,115.57,-34.208,0.2348,1.8094,116.11,-34.336,115.91,-34.208,0.2301,1.9374,116.45,-34.346,116.25,-34.208,0.2302,2.3377,116.79,-34.182,116.59,-34.208,0.2293,2.722,117.13,-33.946,116.94,-34.208,0.2315,-4.7716,-20.343,3.5038,-20.326,3.4058,42.41,-5.1078,-20.379,3.3703,-20.36,3.4058,42.471,-4.9317,-20.412,3.4438,-20.394,3.4058,42.526,-4.9157,-20.447,3.4809,-20.428,3.4058,42.576,-4.9797,-20.481,3.4598,-20.462,3.4058,42.63,2.9142,-50.792,8.8598,-50.746,8.7001,20.89,3.3625,-50.882,8.7417,-50.833,8.7001,20.911,3.8429,-50.969,8.4091,-50.92,8.7001,20.933,3.6827,-51.054,8.3,-51.007,8.7001,20.952,3.0583,-51.14,8.7082,-51.094,8.7001,20.974,-0.3923,-43.408,8.038,-43.365,8.0928,-2.4171,-0.2718,-43.488,8.2283,-43.446,8.0928,-2.4198,-0.3491,-43.57,8.1372,-43.526,8.0928,-2.4204,-0.3954,-43.652,8.1406,-43.607,8.0928,-2.418,-0.4541,-43.733,7.9434,-43.688,8.0928,-2.4097,0.6271,52.708,7.6759,52.749,7.5547,0.1387,0.6889,52.633,7.4511,52.673,7.5547,0.1398,0.6487,52.558,7.4623,52.598,7.5547,0.1415,0.6117,52.483,7.576,52.522,7.5547,0.1432,0.658,52.406,7.5789,52.447,7.5547,0.1453,0.9051,61.452,-30.316,61.275,-30.2,-0.0013,0.9051,61.754,-30.332,61.577,-30.2,-0.0022,0.902,62.056,-30.379,61.879,-30.2,-0.0026,0.9237,62.358,-30.295,62.181,-30.2,-0.0025,0.9175,62.661,-30.348,62.483,-30.2,-0.0017,0,1
2.3538,115.42,-34.112,115.23,-34.208,0.2293,2.3057,115.76,-34.092,115.57,-34.208,0.2348,1.8094,116.11,-34.336,115.91,-34.208,0.2301,1.9374,116.45,-34.346,116.25,-34.208,0.2302,2.3377,116.79,-34.182,116.59,-34.208,0.2293,-5.1398,-20.309,3.3252,-20.292,3.4058,42.355,-4.7716,-20.343,3.5038,-20.326,3.4058,42.41,-5.1078,-20.379,3.3703,-20.36,3.4058,42.471,-4.9317,-20.412,3.4438,-20.394,3.4058,42.526,-4.9157,-20.447,3.4809,-20.428,3.4058,42.576,3.1063,-50.705,8.6486,-50.659,8.7001,20.868,2.9142,-50.792,8.8598,-50.746,8.7001,20.89,3.3625,-50.882,8.7417,-50.833,8.7001,20.911,3.8429,-50.969,8.4091,-50.92,8.7001,20.933,3.6827,-51.054,8.3,-51.007,8.7001,20.952,-0.4325,-43.328,8.0195,-43.284,8.0928,-2.4257,-0.3923,-43.408,8.038,-43.365,8.0928,-2.4171,-0.2718,-43.488,8.2283,-43.446,8.0928,-2.4198,-0.3491,-43.57,8.1372,-43.526,8.0928,-2.4204,-0.3954,-43.652,8.1406,-43.607,8.0928,-2.418,0.6333,52.785,7.5585,52.825,7.5547,0.1361,0.6271,52.708,7.6759,52.749,7.5547,0.1387,0.6889,52.633,7.4511,52.673,7.5547,0.1398,0.6487,52.558,7.4623,52.598,7.5547,0.1415,0.6117,52.483,7.576,52.522,7.5547,0.1432,0.9267,61.15,-30.272,60.973,-30.2,-0.0024,0.9051,61.452,-30.316,61.275,-30.2,-0.0013,0.9051,61.754,-30.332,61.577,-30.2,-0.0022,0.902,62.056,-30.379,61.879,-30.2,-0.0026,0.9237,62.358,-30.295,62.181,-30.2,-0.0025,0,1
1.5211,115.08,-34.511,114.88,-34.208,0.2322,2.3538,115.42,-34.112,115.23,-34.208,0.2293,2.3057,115.76,-34.092,115.57,-34.208,0.2348,1.8094,116.11,-34.336,115.91,-34.208,0.2301,1.9374,116.45,-34.346,116.25,-34.208,0.2302,-4.8036,-20.276,3.4843,-20.258,3.4058,42.306,-5.1398,-20.309,3.3252,-20.292,3.4058,42.355,-4.7716,-20.343,3.5038,-20.326,3.4058,42.41,-5.1078,-20.379,3.3703,-20.36,3.4058,42.471,-4.9317,-20.412,3.4438,-20.394,3.4058,42.526,3.5547,-50.62,8.4896,-50.572,8.7001,20.847,3.1063,-50.705,8.6486,-50.659,8.7001,20.868,2.9142,-50.792,8.8598,-50.746,8.7001,20.89,3.3625,-50.882,8.7417,-50.833,8.7001,20.911,3.8429,-50.969,8.4091,-50.92,8.7001,20.933,-0.2533,-43.245,8.2744,-43.203,8.0928,-2.4286,-0.4325,-43.328,8.0195,-43.284,8.0928,-2.4257,-0.3923,-43.408,8.038,-43.365,8.0928,-2.4171,-0.2718,-43.488,8.2283,-43.446,8.0928,-2.4198,-0.3491,-43.57,8.1372,-43.526,8.0928,-2.4204,0.6147,52.86,7.5615,52.9,7.5547,0.1347,0.6333,52.785,7.5585,52.825,7.5547,0.1361,0.6271,52.708,7.6759,52.749,7.5547,0.1387,0.6889,52.633,7.4511,52.673,7.5547,0.1398,0.6487,52.558,7.4623,52.598,7.5547,0.1415,0.9237,60.848,-30.299,60.671,-30.2,-0.0023,0.9267,61.15,-30.272,60.973,-30.2,-0.0024,0.9051,61.452,-30.316,61.275,-30.2,-0.0013,0.9051,61.754,-30.332,61.577,-30.2,-0.0022,0.902,62.056,-30.379,61.879,-30.2,-0.0026,0,1
1.8574,114.74,-34.31,114.54,-34.208,0.2302,1.5211,115.08,-34.511,114.88,-34.208,0.2322,2.3538,115.42,-34.112,115.23,-34.208,0.2293,2.3057,115.76,-34.092,115.57,-34.208,0.2348,1.8094,116.11,-34.336,115.91,-34.208,0.2301,-5.0278,-20.241,3.3736,-20.224,3.4058,42.246,-4.8036,-20.276,3.4843,-20.258,3.4058,42.306,-5.1398,-20.309,3.3252,-20.292,3.4058,42.355,-4.7716,-20.343,3.5038,-20.326,3.4058,42.41,-5.1078,-20.379,3.3703,-20.36,3.4058,42.471,3.4746,-50.534,8.6849,-50.485,8.7001,20.825,3.5547,-50.62,8.4896,-50.572,8.7001,20.847,3.1063,-50.705,8.6486,-50.659,8.7001,20.868,2.9142,-50.792,8.8598,-50.746,8.7001,20.89,3.3625,-50.882,8.7417,-50.833,8.7001,20.911,-0.244,-43.164,8.2131,-43.122,8.0928,-2.429,-0.2533,-43.245,8.2744,-43.203,8.0928,-2.4286,-0.4325,-43.328,8.0195,-43.284,8.0928,-2.4257,-0.3923,-43.408,8.038,-43.365,8.0928,-2.4171,-0.2718,-43.488,8.2283,-43.446,8.0928,-2.4198,0.6981,52.934,7.5388,52.976,7.5547,0.1328,0.6147,52.86,7.5615,52.9,7.5547,0.1347,0.6333,52.785,7.5585,52.825,7.5547,0.1361,0.6271,52.708,7.6759,52.749,7.5547,0.1387,0.6889,52.633,7.4511,52.673,7.5547,0.1398,1.0163,60.547,-29.893,60.369,-30.2,-0.0022,0.9237,60.848,-30.299,60.671,-30.2,-0.0023,0.9267,61.15,-30.272,60.973,-30.2,-0.0024,0.9051,61.452,-30.316,61.275,-30.2,-0.0013,0.9051,61.754,-30.332,61.577,-30.2,-0.0022,0,1
2.2737,114.4,-34.099,114.2,-34.208,0.238,1.8574,114.74,-34.31,114.54,-34.208,0.2302,1.5211,115.08,-34.511,114.88,-34.208,0.2322,2.3538,115.42,-34.112,115.23,-34.208,0.2293,2.3057,115.76,-34.092,115.57,-34.208,0.2348,-4.6595,-20.207,3.5392,-20.19,3.4058,42.192,-5.0278,-20.241,3.3736,-20.224,3.4058,42.246,-4.8036,-20.276,3.4843,-20.258,3.4058,42.306,-5.1398,-20.309,3.3252,-20.292,3.4058,42.355,-4.7716,-20.343,3.5038,-20.326,3.4058,42.41,2.8501,-50.446,9.009,-50.398,8.7001,20.806,3.4746,-50.534,8.6849,-50.485,8.7001,20.825,3.5547,-50.62,8.4896,-50.572,8.7001,20.847,3.1063,-50.705,8.6486,-50.659,8.7001,20.868,2.9142,-50.792,8.8598,-50.746,8.7001,20.89,-0.417,-43.084,7.8757,-43.041,8.0928,-2.423,-0.244,-43.164,8.2131,-43.122,8.0928,-2.429,-0.2533,-43.245,8.2744,-43.203,8.0928,-2.4286,-0.4325,-43.328,8.0195,-43.284,8.0928,-2.4257,-0.3923,-43.408,8.038,-43.365,8.0928,-2.4171,0.6487,53.01,7.6029,53.051,7.5547,0.1321,0.6981,52.934,7.5388,52.976,7.5547,0.1328,0.6147,52.86,7.5615,52.9,7.5547,0.1347,0.6333,52.785,7.5585,52.825,7.5547,0.1361,0.6271,52.708,7.6759,52.749,7.5547,0.1387,0.97,60.245,-30.137,60.067,-30.2,-0.0008,1.0163,60.547,-29.893,60.369,-30.2,-0.0022,0.9237,60.848,-30.299,60.671,-30.2,-0.0023,0.9267,61.15,-30.272,60.973,-30.2,-0.0024,0.9051,61.452,-30.316,61.275,-30.2,-0.0013,0,1
2.8982,114.06,-33.858,113.86,-34.208,0.2336,2.2737,114.4,-34.099,114.2,-34.208,0.238,1.8574,114.74,-34.31,114.54,-34.208,0.2302,1.5211,115.08,-34.511,114.88,-34.208,0.2322,2.3538,115.42,-34.112,115.23,-34.208,0.2293,-4.7235,-20.172,3.4588,-20.156,3.4058,42.123,-4.6595,-20.207,3.5392,-20.19,3.4058,42.192,-5.0278,-20.241,3.3736,-20.224,3.4058,42.246,-4.8036,-20.276,3.4843,-20.258,3.4058,42.306,-5.1398,-20.309,3.3252,-20.292,3.4058,42.355,2.8501,-50.357,8.8339,-50.311,8.7001,20.779,2.8501,-50.446,9.009,-50.398,8.7001,20.806,3.4746,-50.534,8.6849,-50.485,8.7001,20.825,3.5547,-50.62,8.4896,-50.572,8.7001,20.847,3.1063,-50.705,8.6486,-50.659,8.7001,20.868,-0.3707,-43.003,8.0631,-42.96,8.0928,-2.4284,-0.417,-43.084,7.8757,-43.041,8.0928,-2.423,-0.244,-43.164,8.2131,-43.122,8.0928,-2.429,-0.2533,-43.245,8.2744,-43.203,8.0928,-2.4286,-0.4325,-43.328,8.0195,-43.284,8.0928,-2.4257,0.5993,53.087,7.5923,53.127,7.5547,0.1298,0.6487,53.01,7.6029,53.051,7.5547,0.1321,0.6981,52.934,7.5388,52.976,7.5547,0.1328,0.6147,52.86,7.5615,52.9,7.5547,0.1347,0.6333,52.785,7.5585,52.825,7.5547,0.1361,0.9638,59.944,-30.209,59.765,-30.2,-0.0014,0.97,60.245,-30.137,60.067,-30.2,-0.0008,1.0163,60.547,-29.893,60.369,-30.2,-0.0022,0.9237,60.848,-30.299,60.671,-30.2,-0.0023,0.9267,61.15,-30.272,60.973,-30.2,-0.0024,0,1
2.1136,113.72,-34.277,113.52,-34.208,0.2285,2.8982,114.06,-33.858,113.86,-34.208,0.2336,2.2737,114.4,-34.099,114.2,-34.208,0.238,1.8574,114.74,-34.31,114.54,-34.208,0.2302,1.5211,115.08,-34.511,114.88,-34.208,0.2322,-5.0278,-20.138,3.3196,-20.122,3.4058,42.076,-4.7235,-20.172,3.4588,-20.156,3.4058,42.123,-4.6595,-20.207,3.5392,-20.19,3.4058,42.192,-5.0278,-20.241,3.3736,-20.224,3.4058,42.246,-4.8036,-20.276,3.4843,-20.258,3.4058,42.306,3.3785,-50.27,8.4774,-50.224,8.7001,20.759,2.8501,-50.357,8.8339,-50.311,8.7001,20.779,2.8501,-50.446,9.009,-50.398,8.7001,20.806,3.4746,-50.534,8.6849,-50.485,8.7001,20.825,3.5547,-50.62,8.4896,-50.572,8.7001,20.847,-0.2996,-42.922,8.2045,-42.879,8.0928,-2.4399,-0.3707,-43.003,8.0631,-42.96,8.0928,-2.4284,-0.417,-43.084,7.8757,-43.041,8.0928,-2.423,-0.244,-43.164,8.2131,-43.122,8.0928,-2.429,-0.2533,-43.245,8.2744,-43.203,8.0928,-2.4286,0.6765,53.162,7.4377,53.202,7.5547,0.1272,0.5993,53.087,7.5923,53.127,7.5547,0.1298,0.6487,53.01,7.6029,53.051,7.5547,0.1321,0.6981,52.934,7.5388,52.976,7.5547,0.1328,0.6147,52.86,7.5615,52.9,7.5547,0.1347,0.9391,59.641,-30.278,59.463,-30.2,-0.0029,0.9638,59.944,-30.209,59.765,-30.2,-0.0014,0.97,60.245,-30.137,60.067,-30.2,-0.0008,1.0163,60.547,-29.893,60.369,-30.2,-0.0022,0.9237,60.848,-30.299,60.671,-30.2,-0.0023,0,1
1.345,113.37,-34.603,113.17,-34.208,0.2326,2.1136,113.72,-34.277,113.52,-34.208,0.2285,2.8982,114.06,-33.858,113.86,-34.208,0.2336,2.2737,114.4,-34.099,114.2,-34.208,0.238,1.8574,114.74,-34.31,114.54,-34.208,0.2302,-4.7716,-20.104,3.4443,-20.088,3.4058,42.031,-5.0278,-20.138,3.3196,-20.122,3.4058,42.076,-4.7235,-20.172,3.4588,-20.156,3.4058,42.123,-4.6595,-20.207,3.5392,-20.19,3.4058,42.192,-5.0278,-20.241,3.3736,-20.224,3.4058,42.246,3.7788,-50.186,8.4164,-50.137,8.7001,20.741,3.3785,-50.27,8.4774,-50.224,8.7001,20.759,2.8501,-50.357,8.8339,-50.311,8.7001,20.779,2.8501,-50.446,9.009,-50.398,8.7001,20.806,3.4746,-50.534,8.6849,-50.485,8.7001,20.825,-0.2286,-42.839,8.1306,-42.798,8.0928,-2.4415,-0.2996,-42.922,8.2045,-42.879,8.0928,-2.4399,-0.3707,-43.003,8.0631,-42.96,8.0928,-2.4284,-0.417,-43.084,7.8757,-43.041,8.0928,-2.423,-0.244,-43.164,8.2131,-43.122,8.0928,-2.429,0.6024,53.238,7.5969,53.278,7.5547,0.1258,0.6765,53.162,7.4377,53.202,7.5547,0.1272,0.5993,53.087,7.5923,53.127,7.5547,0.1298,0.6487,53.01,7.6029,53.051,7.5547,0.1321,0.6981,52.934,7.5388,52.976,7.5547,0.1328,0.9638,59.339,-30.165,59.161,-30.2,-0.0026,0.9391,59.641,-30.278,59.463,-30.2,-0.0029,0.9638,59.944,-30.209,59.765,-30.2,-0.0014,0.97,60.245,-30.137,60.067,-30.2,-0.0008,1.0163,60.547,-29.893,60.369,-30.2,-0.0022,0,1
1.8894,113.03,-34.291,112.83,-34.208,0.2308,1.345,113.37,-34.603,113.17,-34.208,0.2326,2.1136,113.72,-34.277,113.52,-34.208,0.2285,2.8982,114.06,-33.858,113.86,-34.208,0.2336,2.2737,114.4,-34.099,114.2,-34.208,0.238,-5.0438,-20.07,3.3005,-20.054,3.4058,41.965,-4.7716,-20.104,3.4443,-20.088,3.4058,42.031,-5.0278,-20.138,3.3196,-20.122,3.4058,42.076,-4.7235,-20.172,3.4588,-20.156,3.4058,42.123,-4.6595,-20.207,3.5392,-20.19,3.4058,42.192,3.1063,-50.099,8.8882,-50.05,8.7001,20.716,3.7788,-50.186,8.4164,-50.137,8.7001,20.741,3.3785,-50.27,8.4774,-50.224,8.7001,20.759,2.8501,-50.357,8.8339,-50.311,8.7001,20.779,2.8501,-50.446,9.009,-50.398,8.7001,20.806,-0.1514,-42.757,8.2275,-42.717,8.0928,-2.4389,-0.2286,-42.839,8.1306,-42.798,8.0928,-2.4415,-0.2996,-42.922,8.2045,-42.879,8.0928,-2.4399,-0.3707,-43.003,8.0631,-42.96,8.0928,-2.4284,-0.417,-43.084,7.8757,-43.041,8.0928,-2.423,0.6333,53.313,7.535,53.353,7.5547,0.124,0.6024,53.238,7.5969,53.278,7.5547,0.1258,0.6765,53.162,7.4377,53.202,7.5547,0.1272,0.5993,53.087,7.5923,53.127,7.5547,0.1298,0.6487,53.01,7.6029,53.051,7.5547,0.1321,0.9638,59.036,-30.147,58.859,-30.2,-0.0021,0.9638,59.339,-30.165,59.161,-30.2,-0.0026,0.9391,59.641,-30.278,59.463,-30.2,-0.0029,0.9638,59.944,-30.209,59.765,-30.2,-0.0014,0.97,60.245,-30.137,60.067,-30.2,-0.0008,0,1
2.5139,112.69,-34.009,112.49,-34.208,0.2356,1.8894,113.03,-34.291,112.83,-34.208,0.2308,1.345,113.37,-34.603,113.17,-34.208,0.2326,2.1136,113.72,-34.277,113.52,-34.208,0.2285,2.8982,114.06,-33.858,113.86,-34.208,0.2336,-4.8196,-20.037,3.427,-20.02,3.4058,41.909,-5.0438,-20.07,3.3005,-20.054,3.4058,41.965,-4.7716,-20.104,3.4443,-20.088,3.4058,42.031,-5.0278,-20.138,3.3196,-20.122,3.4058,42.076,-4.7235,-20.172,3.4588,-20.156,3.4058,42.123,2.658,-50.009,9.0278,-49.963,8.7001,20.696,3.1063,-50.099,8.8882,-50.05,8.7001,20.716,3.7788,-50.186,8.4164,-50.137,8.7001,20.741,3.3785,-50.27,8.4774,-50.224,8.7001,20.759,2.8501,-50.357,8.8339,-50.311,8.7001,20.779,-0.3676,-42.679,7.9025,-42.636,8.0928,-2.4353,-0.1514,-42.757,8.2275,-42.717,8.0928,-2.4389,-0.2286,-42.839,8.1306,-42.798,8.0928,-2.4415,-0.2996,-42.922,8.2045,-42.879,8.0928,-2.4399,-0.3707,-43.003,8.0631,-42.96,8.0928,-2.4284,0.7167,53.389,7.3129,53.429,7.5547,0.123,0.6333,53.313,7.535,53.353,7.5547,0.124,0.6024,53.238,7.5969,53.278,7.5547,0.1258,0.6765,53.162,7.4377,53.202,7.5547,0.1272,0.5993,53.087,7.5923,53.127,7.5547,0.1298,0.9638,58.734,-30.153,58.557,-30.2,-0.0013,0.9638,59.036,-30.147,58.859,-30.2,-0.0021,0.9638,59.339,-30.165,59.161,-30.2,-0.0026,0.9391,59.641,-30.278,59.463,-30.2,-0.0029,0.9638,59.944,-30.209,59.765,-30.2,-0.0014,0,1
2.4018,112.35,-34.1,112.15,-34.208,0.231,2.5139,112.69,-34.009,112.49,-34.208,0.2356,1.8894,113.03,-34.291,112.83,-34.208,0.2308,1.345,113.37,-34.603,113.17,-34.208,0.2326,2.1136,113.72,-34.277,113.52,-34.208,0.2285,-4.9477,-20.003,3.3616,-19.986,3.4058,41.85,-4.8196,-20.037,3.427,-20.02,3.4058,41.909,-5.0438,-20.07,3.3005,-20.054,3.4058,41.965,-4.7716,-20.104,3.4443,-20.088,3.4058,42.031,-5.0278,-20.138,3.3196,-20.122,3.4058,42.076,3.1223,-49.922,8.6581,-49.876,8.7001,20.672,2.658,-50.009,9.0278,-49.963,8.7001,20.696,3.1063,-50.099,8.8882,-50.05,8.7001,20.716,3.7788,-50.186,8.4164,-50.137,8.7001,20.741,3.3785,-50.27,8.4774,-50.224,8.7001,20.759,-0.3645,-42.599,8.0399,-42.555,8.0928,-2.4434,-0.3676,-42.679,7.9025,-42.636,8.0928,-2.4353,-0.1514,-42.757,8.2275,-42.717,8.0928,-2.4389,-0.2286,-42.839,8.1306,-42.798,8.0928,-2.4415,-0.2996,-42.922,8.2045,-42.879,8.0928,-2.4399,0.5869,53.464,7.6923,53.504,7.5547,0.1206,0.7167,53.389,7.3129,53.429,7.5547,0.123,0.6333,53.313,7.535,53.353,7.5547,0.124,0.6024,53.238,7.5969,53.278,7.5547,0.1258,0.6765,53.162,7.4377,53.202,7.5547,0.1272,0.9391,58.432,-30.241,58.255,-30.2,-0.0021,0.9638,58.734,-30.153,58.557,-30.2,-0.0013,0.9638,59.036,-30.147,58.859,-30.2,-0.0021,0.9638,59.339,-30.165,59.161,-30.2,-0.0026,0.9391,59.641,-30.278,59.463,-30.2,-0.0029,0,1
1.9535,112,-34.295,111.81,-34.208,0.231,2.4018,112.35,-34.1,112.15,-34.208,0.231,2.5139,112.69,-34.009,112.49,-34.208,0.2356,1.8894,113.03,-34.291,112.83,-34.208,0.2308,1.345,113.37,-34.603,113.17,-34.208,0.2326,-4.8836,-19.969,3.4072,-19.951,3.4058,41.795,-4.9477,-20.003,3.3616,-19.986,3.4058,41.85,-4.8196,-20.037,3.427,-20.02,3.4058,41.909,-5.0438,-20.07,3.3005,-20.054,3.4058,41.965,-4.7716,-20.104,3.4443,-20.088,3.4058,42.031,3.4586,-49.838,8.6626,-49.789,8.7001,20.649,3.1223,-49.922,8.6581,-49.876,8.7001,20.672,2.658,-50.009,9.0278,-49.963,8.7001,20.696,3.1063,-50.099,8.8882,-50.05,8.7001,20.716,3.7788,-50.186,8.4164,-50.137,8.7001,20.741,-0.1853,-42.516,8.3442,-42.474,8.0928,-2.4449,-0.3645,-42.599,8.0399,-42.555,8.0928,-2.4434,-0.3676,-42.679,7.9025,-42.636,8.0928,-2.4353,-0.1514,-42.757,8.2275,-42.717,8.0928,-2.4389,-0.2286,-42.839,8.1306,-42.798,8.0928,-2.4415,0.5375,53.541,7.7255,53.58,7.5547,0.119,0.5869,53.464,7.6923,53.504,7.5547,0.1206,0.7167,53.389,7.3129,53.429,7.5547,0.123,0.6333,53.313,7.535,53.353,7.5547,0.124,0.6024,53.238,7.5969,53.278,7.5547,0.1258,0.9329,58.13,-30.323,57.953,-30.2,-0.0019,0.9391,58.432,-30.241,58.255,-30.2,-0.0021,0.9638,58.734,-30.153,58.557,-30.2,-0.0013,0.9638,59.036,-30.147,58.859,-30.2,-0.0021,0.9638,59.339,-30.165,59.161,-30.2,-0.0026,0,1
1.2329,111.66,-34.597,111.46,-34.208,0.2368,1.9535,112,-34.295,111.81,-34.208,0.231,2.4018,112.35,-34.1,112.15,-34.208,0.231,2.5139,112.69,-34.009,112.49,-34.208,0.2356,1.8894,113.03,-34.291,112.83,-34.208,0.2308,-4.5954,-19.935,3.5147,-19.917,3.4058,41.749,-4.8836,-19.969,3.4072,-19.951,3.4058,41.795,-4.9477,-20.003,3.3616,-19.986,3.4058,41.85,-4.8196,-20.037,3.427,-20.02,3.4058,41.909,-5.0438,-20.07,3.3005,-20.054,3.4058,41.965,3.4105,-49.752,8.7736,-49.702,8.7001,20.631,3.4586,-49.838,8.6626,-49.789,8.7001,20.649,3.1223,-49.922,8.6581,-49.876,8.7001,20.672,2.658,-50.009,9.0278,-49.963,8.7001,20.696,3.1063,-50.099,8.8882,-50.05,8.7001,20.716,-0.2008,-42.435,8.1719,-42.394,8.0928,-2.4457,-0.1853,-42.516,8.3442,-42.474,8.0928,-2.4449,-0.3645,-42.599,8.0399,-42.555,8.0928,-2.4434,-0.3676,-42.679,7.9025,-42.636,8.0928,-2.4353,-0.1514,-42.757,8.2275,-42.717,8.0928,-2.4389,0.6364,53.616,7.5045,53.656,7.5547,0.1176,0.5375,53.541,7.7255,53.58,7.5547,0.119,0.5869,53.464,7.6923,53.504,7.5547,0.1206,0.7167,53.389,7.3129,53.429,7.5547,0.123,0.6333,53.313,7.535,53.353,7.5547,0.124,0.9731,57.828,-30.114,57.651,-30.2,-0.0017,0.9329,58.13,-30.323,57.953,-30.2,-0.0019,0.9391,58.432,-30.241,58.255,-30.2,-0.0021,0.9638,58.734,-30.153,58.557,-30.2,-0.0013,0.9638,59.036,-30.147,58.859,-30.2,-0.0021,0,1
2.2897,111.32,-34.093,111.12,-34.208,0.2337,1.2329,111.66,-34.597,111.46,-34.208,0.2368,1.9535,112,-34.295,111.81,-34.208,0.231,2.4018,112.35,-34.1,112.15,-34.208,0.231,2.5139,112.69,-34.009,112.49,-34.208,0.2356,-4.8676,-19.9,3.3683,-19.883,3.4058,41.686,-4.5954,-19.935,3.5147,-19.917,3.4058,41.749,-4.8836,-19.969,3.4072,-19.951,3.4058,41.795,-4.9477,-20.003,3.3616,-19.986,3.4058,41.85,-4.8196,-20.037,3.427,-20.02,3.4058,41.909,3.2184,-49.663,8.7179,-49.615,8.7001,20.609,3.4105,-49.752,8.7736,-49.702,8.7001,20.631,3.4586,-49.838,8.6626,-49.789,8.7001,20.649,3.1223,-49.922,8.6581,-49.876,8.7001,20.672,2.658,-50.009,9.0278,-49.963,8.7001,20.696,-0.3831,-42.355,7.8044,-42.312,8.0928,-2.4487,-0.2008,-42.435,8.1719,-42.394,8.0928,-2.4457,-0.1853,-42.516,8.3442,-42.474,8.0928,-2.4449,-0.3645,-42.599,8.0399,-42.555,8.0928,-2.4434,-0.3676,-42.679,7.9025,-42.636,8.0928,-2.4353,0.6117,53.691,7.6587,53.731,7.5547,0.1155,0.6364,53.616,7.5045,53.656,7.5547,0.1176,0.5375,53.541,7.7255,53.58,7.5547,0.119,0.5869,53.464,7.6923,53.504,7.5547,0.1206,0.7167,53.389,7.3129,53.429,7.5547,0.123,0.9298,57.526,-30.277,57.349,-30.2,-0.0019,0.9731,57.828,-30.114,57.651,-30.2,-0.0017,0.9329,58.13,-30.323,57.953,-30.2,-0.0019,0.9391,58.432,-30.241,58.255,-30.2,-0.0021,0.9638,58.734,-30.153,58.557,-30.2,-0.0013,0,1
2.5939,110.98,-33.997,110.78,-34.208,0.2304,2.2897,111.32,-34.093,111.12,-34.208,0.2337,1.2329,111.66,-34.597,111.46,-34.208,0.2368,1.9535,112,-34.295,111.81,-34.208,0.231,2.4018,112.35,-34.1,112.15,-34.208,0.231,-4.7876,-19.866,3.4,-19.849,3.4058,41.617,-4.8676,-19.9,3.3683,-19.883,3.4058,41.686,-4.5954,-19.935,3.5147,-19.917,3.4058,41.749,-4.8836,-19.969,3.4072,-19.951,3.4058,41.795,-4.9477,-20.003,3.3616,-19.986,3.4058,41.85,3.3305,-49.575,8.5213,-49.528,8.7001,20.58,3.2184,-49.663,8.7179,-49.615,8.7001,20.609,3.4105,-49.752,8.7736,-49.702,8.7001,20.631,3.4586,-49.838,8.6626,-49.789,8.7001,20.649,3.1223,-49.922,8.6581,-49.876,8.7001,20.672,-0.2842,-42.275,8.2169,-42.232,8.0928,-2.452,-0.3831,-42.355,7.8044,-42.312,8.0928,-2.4487,-0.2008,-42.435,8.1719,-42.394,8.0928,-2.4457,-0.1853,-42.516,8.3442,-42.474,8.0928,-2.4449,-0.3645,-42.599,8.0399,-42.555,8.0928,-2.4434,0.6209,53.767,7.5662,53.807,7.5547,0.1134,0.6117,53.691,7.6587,53.731,7.5547,0.1155,0.6364,53.616,7.5045,53.656,7.5547,0.1176,0.5375,53.541,7.7255,53.58,7.5547,0.119,0.5869,53.464,7.6923,53.504,7.5547,0.1206,0.9607,57.223,-30.118,57.047,-30.2,-0.0021,0.9298,57.526,-30.277,57.349,-30.2,-0.0019,0.9731,57.828,-30.114,57.651,-30.2,-0.0017,0.9329,58.13,-30.323,57.953,-30.2,-0.0019,0.9391,58.432,-30.241,58.255,-30.2,-0.0021,0,1
1.9695,110.64,-34.296,110.44,-34.208,0.2291,2.5939,110.98,-33.997,110.78,-34.208,0.2304,2.2897,111.32,-34.093,111.12,-34.208,0.2337,1.2329,111.66,-34.597,111.46,-34.208,0.2368,1.9535,112,-34.295,111.81,-34.208,0.231,-4.9477,-19.832,3.323,-19.815,3.4058,41.572,-4.7876,-19.866,3.4,-19.849,3.4058,41.617,-4.8676,-19.9,3.3683,-19.883,3.4058,41.686,-4.5954,-19.935,3.5147,-19.917,3.4058,41.749,-4.8836,-19.969,3.4072,-19.951,3.4058,41.795,3.7308,-49.489,8.2616,-49.441,8.7001,20.562,3.3305,-49.575,8.5213,-49.528,8.7001,20.58,3.2184,-49.663,8.7179,-49.615,8.7001,20.609,3.4105,-49.752,8.7736,-49.702,8.7001,20.631,3.4586,-49.838,8.6626,-49.789,8.7001,20.649,-0.3645,-42.194,8.0131,-42.151,8.0928,-2.4602,-0.2842,-42.275,8.2169,-42.232,8.0928,-2.452,-0.3831,-42.355,7.8044,-42.312,8.0928,-2.4487,-0.2008,-42.435,8.1719,-42.394,8.0928,-2.4457,-0.1853,-42.516,8.3442,-42.474,8.0928,-2.4449,0.5962,53.842,7.6416,53.882,7.5547,0.1112,0.6209,53.767,7.5662,53.807,7.5547,0.1134,0.6117,53.691,7.6587,53.731,7.5547,0.1155,0.6364,53.616,7.5045,53.656,7.5547,0.1176,0.5375,53.541,7.7255,53.58,7.5547,0.119,0.9484,56.921,-30.172,56.745,-30.2,-0.003,0.9607,57.223,-30.118,57.047,-30.2,-0.0021,0.9298,57.526,-30.277,57.349,-30.2,-0.0019,0.9731,57.828,-30.114,57.651,-30.2,-0.0017,0.9329,58.13,-30.323,57.953,-30.2,-0.0019,0,1
1.9374,110.29,-34.279,110.09,-34.208,0.2331,1.9695,110.64,-34.296,110.44,-34.208,0.2291,2.5939,110.98,-33.997,110.78,-34.208,0.2304,2.2897,111.32,-34.093,111.12,-34.208,0.2337,1.2329,111.66,-34.597,111.46,-34.208,0.2368,-4.8356,-19.799,3.4014,-19.781,3.4058,41.517,-4.9477,-19.832,3.323,-19.815,3.4058,41.572,-4.7876,-19.866,3.4,-19.849,3.4058,41.617,-4.8676,-19.9,3.3683,-19.883,3.4058,41.686,-4.5954,-19.935,3.5147,-19.917,3.4058,41.749,3.3465,-49.402,8.6535,-49.354,8.7001,20.54,3.7308,-49.489,8.2616,-49.441,8.7001,20.562,3.3305,-49.575,8.5213,-49.528,8.7001,20.58,3.2184,-49.663,8.7179,-49.615,8.7001,20.609,3.4105,-49.752,8.7736,-49.702,8.7001,20.631,-0.2966,-42.112,8.0775,-42.07,8.0928,-2.4554,-0.3645,-42.194,8.0131,-42.151,8.0928,-2.4602,-0.2842,-42.275,8.2169,-42.232,8.0928,-2.452,-0.3831,-42.355,7.8044,-42.312,8.0928,-2.4487,-0.2008,-42.435,8.1719,-42.394,8.0928,-2.4457,0.7476,53.917,7.3061,53.958,7.5547,0.1101,0.5962,53.842,7.6416,53.882,7.5547,0.1112,0.6209,53.767,7.5662,53.807,7.5547,0.1134,0.6117,53.691,7.6587,53.731,7.5547,0.1155,0.6364,53.616,7.5045,53.656,7.5547,0.1176,0.9484,56.62,-30.197,56.443,-30.2,-0.0021,0.9484,56.921,-30.172,56.745,-30.2,-0.003,0.9607,57.223,-30.118,57.047,-30.2,-0.0021,0.9298,57.526,-30.277,57.349,-30.2,-0.0019,0.9731,57.828,-30.114,57.651,-30.2,-0.0017,0,1
2.0335,109.95,-34.208,109.75,-34.208,0.2366,1.9374,110.29,-34.279,110.09,-34.208,0.2331,1.9695,110.64,-34.296,110.44,-34.208,0.2291,2.5939,110.98,-33.997,110.78,-34.208,0.2304,2.2897,111.32,-34.093,111.12,-34.208,0.2337,-4.6915,-19.765,3.4646,-19.747,3.4058,41.457,-4.8356,-19.799,3.4014,-19.781,3.4058,41.517,-4.9477,-19.832,3.323,-19.815,3.4058,41.572,-4.7876,-19.866,3.4,-19.849,3.4058,41.617,-4.8676,-19.9,3.3683,-19.883,3.4058,41.686,2.9462,-49.315,8.9454,-49.267,8.7001,20.516,3.3465,-49.402,8.6535,-49.354,8.7001,20.54,3.7308,-49.489,8.2616,-49.441,8.7001,20.562,3.3305,-49.575,8.5213,-49.528,8.7001,20.58,3.2184,-49.663,8.7179,-49.615,8.7001,20.609,-0.2842,-42.031,8.0762,-41.989,8.0928,-2.4523,-0.2966,-42.112,8.0775,-42.07,8.0928,-2.4554,-0.3645,-42.194,8.0131,-42.151,8.0928,-2.4602,-0.2842,-42.275,8.2169,-42.232,8.0928,-2.452,-0.3831,-42.355,7.8044,-42.312,8.0928,-2.4487,0.6673,53.993,7.5162,54.033,7.5547,0.1087,0.7476,53.917,7.3061,53.958,7.5547,0.1101,0.5962,53.842,7.6416,53.882,7.5547,0.1112,0.6209,53.767,7.5662,53.807,7.5547,0.1134,0.6117,53.691,7.6587,53.731,7.5547,0.1155,0.9545,56.317,-30.151,56.141,-30.2,-0.0013,0.9484,56.62,-30.197,56.443,-30.2,-0.0021,0.9484,56.921,-30.172,56.745,-30.2,-0.003,0.9607,57.223,-30.118,57.047,-30.2,-0.0021,0.9298,57.526,-30.277,57.349,-30.2,-0.0019,0,1
2.1936,109.61,-34.165,109.41,-34.208,0.2357,2.0335,109.95,-34.208,109.75,-34.208,0.2366,1.9374,110.29,-34.279,110.09,-34.208,0.2331,1.9695,110.64,-34.296,110.44,-34.208,0.2291,2.5939,110.98,-33.997,110.78,-34.208,0.2304,-4.7716,-19.73,3.4008,-19.713,3.4058,41.4,-4.6915,-19.765,3.4646,-19.747,3.4058,41.457,-4.8356,-19.799,3.4014,-19.781,3.4058,41.517,-4.9477,-19.832,3.323,-19.815,3.4058,41.572,-4.7876,-19.866,3.4,-19.849,3.4058,41.617,2.8181,-49.226,8.9154,-49.18,8.7001,20.494,2.9462,-49.315,8.9454,-49.267,8.7001,20.516,3.3465,-49.402,8.6535,-49.354,8.7001,20.54,3.7308,-49.489,8.2616,-49.441,8.7001,20.562,3.3305,-49.575,8.5213,-49.528,8.7001,20.58,-0.4356,-41.952,7.8617,-41.908,8.0928,-2.456,-0.2842,-42.031,8.0762,-41.989,8.0928,-2.4523,-0.2966,-42.112,8.0775,-42.07,8.0928,-2.4554,-0.3645,-42.194,8.0131,-42.151,8.0928,-2.4602,-0.2842,-42.275,8.2169,-42.232,8.0928,-2.452,0.5777,54.068,7.7857,54.109,7.5547,0.1066,0.6673,53.993,7.5162,54.033,7.5547,0.1087,0.7476,53.917,7.3061,53.958,7.5547,0.1101,0.5962,53.842,7.6416,53.882,7.5547,0.1112,0.6209,53.767,7.5662,53.807,7.5547,0.1134,1.0071,56.016,-29.948,55.839,-30.2,-0.0015,0.9545,56.317,-30.151,56.141,-30.2,-0.0013,0.9484,56.62,-30.197,56.443,-30.2,-0.0021,0.9484,56.921,-30.172,56.745,-30.2,-0.003,0.9607,57.223,-30.118,57.047,-30.2,-0.0021,0,1
2.1616,109.27,-34.223,109.07,-34.208,0.2327,2.1936,109.61,-34.165,109.41,-34.208,0.2357,2.0335,109.95,-34.208,109.75,-34.208,0.2366,1.9374,110.29,-34.279,110.09,-34.208,0.2331,1.9695,110.64,-34.296,110.44,-34.208,0.2291,-4.8356,-19.697,3.3811,-19.679,3.4058,41.341,-4.7716,-19.73,3.4008,-19.713,3.4058,41.4,-4.6915,-19.765,3.4646,-19.747,3.4058,41.457,-4.8356,-19.799,3.4014,-19.781,3.4058,41.517,-4.9477,-19.832,3.323,-19.815,3.4058,41.572,3.1544,-49.14,8.6865,-49.093,8.7001,20.47,2.8181,-49.226,8.9154,-49.18,8.7001,20.494,2.9462,-49.315,8.9454,-49.267,8.7001,20.516,3.3465,-49.402,8.6535,-49.354,8.7001,20.54,3.7308,-49.489,8.2616,-49.441,8.7001,20.562,-0.3676,-41.871,8.104,-41.827,8.0928,-2.4613,-0.4356,-41.952,7.8617,-41.908,8.0928,-2.456,-0.2842,-42.031,8.0762,-41.989,8.0928,-2.4523,-0.2966,-42.112,8.0775,-42.07,8.0928,-2.4554,-0.3645,-42.194,8.0131,-42.151,8.0928,-2.4602,0.6889,54.144,7.4056,54.184,7.5547,0.1044,0.5777,54.068,7.7857,54.109,7.5547,0.1066,0.6673,53.993,7.5162,54.033,7.5547,0.1087,0.7476,53.917,7.3061,53.958,7.5547,0.1101,0.5962,53.842,7.6416,53.882,7.5547,0.1112,0.9947,55.714,-30.037,55.537,-30.2,-0.0021,1.0071,56.016,-29.948,55.839,-30.2,-0.0015,0.9545,56.317,-30.151,56.141,-30.2,-0.0013,0.9484,56.62,-30.197,56.443,-30.2,-0.0021,0.9484,56.921,-30.172,56.745,-30.2,-0.003,0,1
2.2417,108.93,-34.19,108.73,-34.208,0.2308,2.1616,109.27,-34.223,109.07,-34.208,0.2327,2.1936,109.61,-34.165,109.41,-34.208,0.2357,2.0335,109.95,-34.208,109.75,-34.208,0.2366,1.9374,110.29,-34.279,110.09,-34.208,0.2331,-4.8676,-19.663,3.3646,-19.645,3.4058,41.285,-4.8356,-19.697,3.3811,-19.679,3.4058,41.341,-4.7716,-19.73,3.4008,-19.713,3.4058,41.4,-4.6915,-19.765,3.4646,-19.747,3.4058,41.457,-4.8356,-19.799,3.4014,-19.781,3.4058,41.517,3.7308,-49.055,8.4212,-49.006,8.7001,20.448,3.1544,-49.14,8.6865,-49.093,8.7001,20.47,2.8181,-49.226,8.9154,-49.18,8.7001,20.494,2.9462,-49.315,8.9454,-49.267,8.7001,20.516,3.3465,-49.402,8.6535,-49.354,8.7001,20.54,-0.3676,-41.79,8.1148,-41.746,8.0928,-2.4659,-0.3676,-41.871,8.104,-41.827,8.0928,-2.4613,-0.4356,-41.952,7.8617,-41.908,8.0928,-2.456,-0.2842,-42.031,8.0762,-41.989,8.0928,-2.4523,-0.2966,-42.112,8.0775,-42.07,8.0928,-2.4554,0.6642,54.219,7.5171,54.26,7.5547,0.1026,0.6889,54.144,7.4056,54.184,7.5547,0.1044,0.5777,54.068,7.7857,54.109,7.5547,0.1066,0.6673,53.993,7.5162,54.033,7.5547,0.1087,0.7476,53.917,7.3061,53.958,7.5547,0.1101,0.902,55.412,-30.481,55.235,-30.2,-0.0025,0.9947,55.714,-30.037,55.537,-30.2,-0.0021,1.0071,56.016,-29.948,55.839,-30.2,-0.0015,0.9545,56.317,-30.151,56.141,-30.2,-0.0013,0.9484,56.62,-30.197,56.443,-30.2,-0.0021,0,1
2.0655,108.58,-34.225,108.38,-34.208,0.2326,2.2417,108.93,-34.19,108.73,-34.208,0.2308,2.1616,109.27,-34.223,109.07,-34.208,0.2327,2.1936,109.61,-34.165,109.41,-34.208,0.2357,2.0335,109.95,-34.208,109.75,-34.208,0.2366,-4.8997,-19.629,3.3604,-19.611,3.4058,41.23,-4.8676,-19.663,3.3646,-19.645,3.4058,41.285,-4.8356,-19.697,3.3811,-19.679,3.4058,41.341,-4.7716,-19.73,3.4008,-19.713,3.4058,41.4,-4.6915,-19.765,3.4646,-19.747,3.4058,41.457,3.4586,-48.968,8.6582,-48.919,8.7001,20.426,3.7308,-49.055,8.4212,-49.006,8.7001,20.448,3.1544,-49.14,8.6865,-49.093,8.7001,20.47,2.8181,-49.226,8.9154,-49.18,8.7001,20.494,2.9462,-49.315,8.9454,-49.267,8.7001,20.516,-0.3274,-41.708,8.087,-41.665,8.0928,-2.4649,-0.3676,-41.79,8.1148,-41.746,8.0928,-2.4659,-0.3676,-41.871,8.104,-41.827,8.0928,-2.4613,-0.4356,-41.952,7.8617,-41.908,8.0928,-2.456,-0.2842,-42.031,8.0762,-41.989,8.0928,-2.4523,0.5808,54.296,7.6448,54.335,7.5547,0.101,0.6642,54.219,7.5171,54.26,7.5547,0.1026,0.6889,54.144,7.4056,54.184,7.5547,0.1044,0.5777,54.068,7.7857,54.109,7.5547,0.1066,0.6673,53.993,7.5162,54.033,7.5547,0.1087,0.8959,55.109,-30.469,54.933,-30.2,-0.002,0.902,55.412,-30.481,55.235,-30.2,-0.0025,0.9947,55.714,-30.037,55.537,-30.2,-0.0021,1.0071,56.016,-29.948,55.839,-30.2,-0.0015,0.9545,56.317,-30.151,56.141,-30.2,-0.0013,0,1
2.2096,108.24,-34.17,108.04,-34.208,0.2367,2.0655,108.58,-34.225,108.38,-34.208,0.2326,2.2417,108.93,-34.19,108.73,-34.208,0.2308,2.1616,109.27,-34.223,109.07,-34.208,0.2327,2.1936,109.61,-34.165,109.41,-34.208,0.2357,-4.6275,-19.595,3.4671,-19.577,3.4058,41.173,-4.8997,-19.629,3.3604,-19.611,3.4058,41.23,-4.8676,-19.663,3.3646,-19.645,3.4058,41.285,-4.8356,-19.697,3.3811,-19.679,3.4058,41.341,-4.7716,-19.73,3.4008,-19.713,3.4058,41.4,3.0583,-48.879,8.7449,-48.832,8.7001,20.403,3.4586,-48.968,8.6582,-48.919,8.7001,20.426,3.7308,-49.055,8.4212,-49.006,8.7001,20.448,3.1544,-49.14,8.6865,-49.093,8.7001,20.47,2.8181,-49.226,8.9154,-49.18,8.7001,20.494,-0.4201,-41.628,7.952,-41.584,8.0928,-2.4641,-0.3274,-41.708,8.087,-41.665,8.0928,-2.4649,-0.3676,-41.79,8.1148,-41.746,8.0928,-2.4659,-0.3676,-41.871,8.104,-41.827,8.0928,-2.4613,-0.4356,-41.952,7.8617,-41.908,8.0928,-2.456,0.5715,54.372,7.6146,54.411,7.5547,0.0995,0.5808,54.296,7.6448,54.335,7.5547,0.101,0.6642,54.219,7.5171,54.26,7.5547,0.1026,0.6889,54.144,7.4056,54.184,7.5547,0.1044,0.5777,54.068,7.7857,54.109,7.5547,0.1066,0.9082,54.807,-30.408,54.631,-30.2,-0.0016,0.8959,55.109,-30.469,54.933,-30.2,-0.002,0.902,55.412,-30.481,55.235,-30.2,-0.0025,0.9947,55.714,-30.037,55.537,-30.2,-0.0021,1.0071,56.016,-29.948,55.839,-30.2,-0.0015,0,1
1.8094,107.9,-34.386,107.7,-34.208,0.2294,2.2096,108.24,-34.17,108.04,-34.208,0.2367,2.0655,108.58,-34.225,108.38,-34.208,0.2326,2.2417,108.93,-34.19,108.73,-34.208,0.2308,2.1616,109.27,-34.223,109.07,-34.208,0.2327,-5.2199,-19.562,3.2086,-19.543,3.4058,41.115,-4.6275,-19.595,3.4671,-19.577,3.4058,41.173,-4.8997,-19.629,3.3604,-19.611,3.4058,41.23,-4.8676,-19.663,3.3646,-19.645,3.4058,41.285,-4.8356,-19.697,3.3811,-19.679,3.4058,41.341,2.9462,-48.791,8.7294,-48.745,8.7001,20.378,3.0583,-48.879,8.7449,-48.832,8.7001,20.403,3.4586,-48.968,8.6582,-48.919,8.7001,20.426,3.7308,-49.055,8.4212,-49.006,8.7001,20.448,3.1544,-49.14,8.6865,-49.093,8.7001,20.47,-0.38,-41.548,8.1986,-41.503,8.0928,-2.4725,-0.4201,-41.628,7.952,-41.584,8.0928,-2.4641,-0.3274,-41.708,8.087,-41.665,8.0928,-2.4649,-0.3676,-41.79,8.1148,-41.746,8.0928,-2.4659,-0.3676,-41.871,8.104,-41.827,8.0928,-2.4613,0.6147,54.446,7.5909,54.486,7.5547,0.0967,0.5715,54.372,7.6146,54.411,7.5547,0.0995,0.5808,54.296,7.6448,54.335,7.5547,0.101,0.6642,54.219,7.5171,54.26,7.5547,0.1026,0.6889,54.144,7.4056,54.184,7.5547,0.1044,0.9144,54.505,-30.374,54.329,-30.2,-0.0028,0.9082,54.807,-30.408,54.631,-30.2,-0.0016,0.8959,55.109,-30.469,54.933,-30.2,-0.002,0.902,55.412,-30.481,55.235,-30.2,-0.0025,0.9947,55.714,-30.037,55.537,-30.2,-0.0021,0,1
2.0976,107.56,-34.248,107.36,-34.208,0.2307,1.8094,107.9,-34.386,107.7,-34.208,0.2294,2.2096,108.24,-34.17,108.04,-34.208,0.2367,2.0655,108.58,-34.225,108.38,-34.208,0.2326,2.2417,108.93,-34.19,108.73,-34.208,0.2308,-5.1558,-19.529,3.2838,-19.509,3.4058,41.059,-5.2199,-19.562,3.2086,-19.543,3.4058,41.115,-4.6275,-19.595,3.4671,-19.577,3.4058,41.173,-4.8997,-19.629,3.3604,-19.611,3.4058,41.23,-4.8676,-19.663,3.3646,-19.645,3.4058,41.285,3.1704,-48.706,8.7247,-48.658,8.7001,20.356,2.9462,-48.791,8.7294,-48.745,8.7001,20.378,3.0583,-48.879,8.7449,-48.832,8.7001,20.403,3.4586,-48.968,8.6582,-48.919,8.7001,20.426,3.7308,-49.055,8.4212,-49.006,8.7001,20.448,-0.3213,-41.465,8.1563,-41.422,8.0928,-2.4711,-0.38,-41.548,8.1986,-41.503,8.0928,-2.4725,-0.4201,-41.628,7.952,-41.584,8.0928,-2.4641,-0.3274,-41.708,8.087,-41.665,8.0928,-2.4649,-0.3676,-41.79,8.1148,-41.746,8.0928,-2.4659,0.7321,54.521,7.3596,54.562,7.5547,0.0953,0.6147,54.446,7.5909,54.486,7.5547,0.0967,0.5715,54.372,7.6146,54.411,7.5547,0.0995,0.5808,54.296,7.6448,54.335,7.5547,0.101,0.6642,54.219,7.5171,54.26,7.5547,0.1026,0.9237,54.203,-30.324,54.027,-30.2,-0.0023,0.9144,54.505,-30.374,54.329,-30.2,-0.0028,0.9082,54.807,-30.408,54.631,-30.2,-0.0016,0.8959,55.109,-30.469,54.933,-30.2,-0.002,0.902,55.412,-30.481,55.235,-30.2,-0.0025,0,1
1.8094,107.21,-34.346,107.02,-34.208,0.2353,2.0976,107.56,-34.248,107.36,-34.208,0.2307,1.8094,107.9,-34.386,107.7,-34.208,0.2294,2.2096,108.24,-34.17,108.04,-34.208,0.2367,2.0655,108.58,-34.225,108.38,-34.208,0.2326,-4.9957,-19.496,3.3858,-19.475,3.4058,41.008,-5.1558,-19.529,3.2838,-19.509,3.4058,41.059,-5.2199,-19.562,3.2086,-19.543,3.4058,41.115,-4.6275,-19.595,3.4671,-19.577,3.4058,41.173,-4.8997,-19.629,3.3604,-19.611,3.4058,41.23,3.1063,-48.62,8.8806,-48.571,8.7001,20.336,3.1704,-48.706,8.7247,-48.658,8.7001,20.356,2.9462,-48.791,8.7294,-48.745,8.7001,20.378,3.0583,-48.879,8.7449,-48.832,8.7001,20.403,3.4586,-48.968,8.6582,-48.919,8.7001,20.426,-0.3583,-41.384,7.9708,-41.341,8.0928,-2.4691,-0.3213,-41.465,8.1563,-41.422,8.0928,-2.4711,-0.38,-41.548,8.1986,-41.503,8.0928,-2.4725,-0.4201,-41.628,7.952,-41.584,8.0928,-2.4641,-0.3274,-41.708,8.087,-41.665,8.0928,-2.4649,0.5993,54.596,7.6929,54.638,7.5547,0.094,0.7321,54.521,7.3596,54.562,7.5547,0.0953,0.6147,54.446,7.5909,54.486,7.5547,0.0967,0.5715,54.372,7.6146,54.411,7.5547,0.0995,0.5808,54.296,7.6448,54.335,7.5547,0.101,0.9484,53.901,-30.166,53.725,-30.2,-0.0015,0.9237,54.203,-30.324,54.027,-30.2,-0.0023,0.9144,54.505,-30.374,54.329,-30.2,-0.0028,0.9082,54.807,-30.408,54.631,-30.2,-0.0016,0.8959,55.109,-30.469,54.933,-30.2,-0.002,0,1
2.0495,106.87,-34.227,106.67,-34.208,0.2393,1.8094,107.21,-34.346,107.02,-34.208,0.2353,2.0976,107.56,-34.248,107.36,-34.208,0.2307,1.8094,107.9,-34.386,107.7,-34.208,0.2294,2.2096,108.24,-34.17,108.04,-34.208,0.2367,-4.7716,-19.462,3.4994,-19.441,3.4058,40.95,-4.9957,-19.496,3.3858,-19.475,3.4058,41.008,-5.1558,-19.529,3.2838,-19.509,3.4058,41.059,-5.2199,-19.562,3.2086,-19.543,3.4058,41.115,-4.6275,-19.595,3.4671,-19.577,3.4058,41.173,2.7701,-48.531,8.9851,-48.484,8.7001,20.312,3.1063,-48.62,8.8806,-48.571,8.7001,20.336,3.1704,-48.706,8.7247,-48.658,8.7001,20.356,2.9462,-48.791,8.7294,-48.745,8.7001,20.378,3.0583,-48.879,8.7449,-48.832,8.7001,20.403,-0.4695,-41.304,7.8781,-41.261,8.0928,-2.4672,-0.3583,-41.384,7.9708,-41.341,8.0928,-2.4691,-0.3213,-41.465,8.1563,-41.422,8.0928,-2.4711,-0.38,-41.548,8.1986,-41.503,8.0928,-2.4725,-0.4201,-41.628,7.952,-41.584,8.0928,-2.4641,0.6796,54.672,7.5166,54.713,7.5547,0.0926,0.5993,54.596,7.6929,54.638,7.5547,0.094,0.7321,54.521,7.3596,54.562,7.5547,0.0953,0.6147,54.446,7.5909,54.486,7.5547,0.0967,0.5715,54.372,7.6146,54.411,7.5547,0.0995,0.9206,53.599,-30.351,53.423,-30.2,-0.001,0.9484,53.901,-30.166,53.725,-30.2,-0.0015,0.9237,54.203,-30.324,54.027,-30.2,-0.0023,0.9144,54.505,-30.374,54.329,-30.2,-0.0028,0.9082,54.807,-30.408,54.631,-30.2,-0.0016,0,1
2.5459,106.53,-34.035,106.33,-34.208,0.2343,2.0495,106.87,-34.227,106.67,-34.208,0.2393,1.8094,107.21,-34.346,107.02,-34.208,0.2353,2.0976,107.56,-34.248,107.36,-34.208,0.2307,1.8094,107.9,-34.386,107.7,-34.208,0.2294,-4.7716,-19.427,3.468,-19.407,3.4058,40.879,-4.7716,-19.462,3.4994,-19.441,3.4058,40.95,-4.9957,-19.496,3.3858,-19.475,3.4058,41.008,-5.1558,-19.529,3.2838,-19.509,3.4058,41.059,-5.2199,-19.562,3.2086,-19.543,3.4058,41.115,3.1383,-48.443,8.6232,-48.397,8.7001,20.283,2.7701,-48.531,8.9851,-48.484,8.7001,20.312,3.1063,-48.62,8.8806,-48.571,8.7001,20.336,3.1704,-48.706,8.7247,-48.658,8.7001,20.356,2.9462,-48.791,8.7294,-48.745,8.7001,20.378,-0.4047,-41.224,8.142,-41.179,8.0928,-2.4733,-0.4695,-41.304,7.8781,-41.261,8.0928,-2.4672,-0.3583,-41.384,7.9708,-41.341,8.0928,-2.4691,-0.3213,-41.465,8.1563,-41.422,8.0928,-2.4711,-0.38,-41.548,8.1986,-41.503,8.0928,-2.4725,0.6209,54.749,7.5224,54.789,7.5547,0.0901,0.6796,54.672,7.5166,54.713,7.5547,0.0926,0.5993,54.596,7.6929,54.638,7.5547,0.094,0.7321,54.521,7.3596,54.562,7.5547,0.0953,0.6147,54.446,7.5909,54.486,7.5547,0.0967,0.9669,53.297,-30.128,53.121,-30.2,-0.0016,0.9206,53.599,-30.351,53.423,-30.2,-0.001,0.9484,53.901,-30.166,53.725,-30.2,-0.0015,0.9237,54.203,-30.324,54.027,-30.2,-0.0023,0.9144,54.505,-30.374,54.329,-30.2,-0.0028,0,1
2.5619,106.19,-34.061,105.99,-34.208,0.226,2.5459,106.53,-34.035,106.33,-34.208,0.2343,2.0495,106.87,-34.227,106.67,-34.208,0.2393,1.8094,107.21,-34.346,107.02,-34.208,0.2353,2.0976,107.56,-34.248,107.36,-34.208,0.2307,-5.348,-19.394,3.2241,-19.372,3.4058,40.82,-4.7716,-19.427,3.468,-19.407,3.4058,40.879,-4.7716,-19.462,3.4994,-19.441,3.4058,40.95,-4.9957,-19.496,3.3858,-19.475,3.4058,41.008,-5.1558,-19.529,3.2838,-19.509,3.4058,41.059,3.6027,-48.358,8.3822,-48.31,8.7001,20.259,3.1383,-48.443,8.6232,-48.397,8.7001,20.283,2.7701,-48.531,8.9851,-48.484,8.7001,20.312,3.1063,-48.62,8.8806,-48.571,8.7001,20.336,3.1704,-48.706,8.7247,-48.658,8.7001,20.356,-0.3274,-41.142,8.2744,-41.099,8.0928,-2.4823,-0.4047,-41.224,8.142,-41.179,8.0928,-2.4733,-0.4695,-41.304,7.8781,-41.261,8.0928,-2.4672,-0.3583,-41.384,7.9708,-41.341,8.0928,-2.4691,-0.3213,-41.465,8.1563,-41.422,8.0928,-2.4711,0.6178,54.824,7.5104,54.864,7.5547,0.0873,0.6209,54.749,7.5224,54.789,7.5547,0.0901,0.6796,54.672,7.5166,54.713,7.5547,0.0926,0.5993,54.596,7.6929,54.638,7.5547,0.094,0.7321,54.521,7.3596,54.562,7.5547,0.0953,0.9422,52.995,-30.226,52.819,-30.2,-0.0029,0.9669,53.297,-30.128,53.121,-30.2,-0.0016,0.9206,53.599,-30.351,53.423,-30.2,-0.001,0.9484,53.901,-30.166,53.725,-30.2,-0.0015,0.9237,54.203,-30.324,54.027,-30.2,-0.0023,0,1
1.5532,105.85,-34.528,105.65,-34.208,0.2326,2.5619,106.19,-34.061,105.99,-34.208,0.226,2.5459,106.53,-34.035,106.33,-34.208,0.2343,2.0495,106.87,-34.227,106.67,-34.208,0.2393,1.8094,107.21,-34.346,107.02,-34.208,0.2353,-5.0117,-19.361,3.4089,-19.338,3.4058,40.775,-5.348,-19.394,3.2241,-19.372,3.4058,40.82,-4.7716,-19.427,3.468,-19.407,3.4058,40.879,-4.7716,-19.462,3.4994,-19.441,3.4058,40.95,-4.9957,-19.496,3.3858,-19.475,3.4058,41.008,3.6187,-48.272,8.5217,-48.223,8.7001,20.239,3.6027,-48.358,8.3822,-48.31,8.7001,20.259,3.1383,-48.443,8.6232,-48.397,8.7001,20.283,2.7701,-48.531,8.9851,-48.484,8.7001,20.312,3.1063,-48.62,8.8806,-48.571,8.7001,20.336,-0.241,-41.06,8.3351,-41.018,8.0928,-2.4812,-0.3274,-41.142,8.2744,-41.099,8.0928,-2.4823,-0.4047,-41.224,8.142,-41.179,8.0928,-2.4733,-0.4695,-41.304,7.8781,-41.261,8.0928,-2.4672,-0.3583,-41.384,7.9708,-41.341,8.0928,-2.4691,0.6364,54.899,7.5237,54.94,7.5547,0.0861,0.6178,54.824,7.5104,54.864,7.5547,0.0873,0.6209,54.749,7.5224,54.789,7.5547,0.0901,0.6796,54.672,7.5166,54.713,7.5547,0.0926,0.5993,54.596,7.6929,54.638,7.5547,0.094,0.936,52.692,-30.224,52.517,-30.2,-0.0022,0.9422,52.995,-30.226,52.819,-30.2,-0.0029,0.9669,53.297,-30.128,53.121,-30.2,-0.0016,0.9206,53.599,-30.351,53.423,-30.2,-0.001,0.9484,53.901,-30.166,53.725,-30.2,-0.0015,0,1
2.1296,105.51,-34.225,105.31,-34.208,0.2369,1.5532,105.85,-34.528,105.65,-34.208,0.2326,2.5619,106.19,-34.061,105.99,-34.208,0.226,2.5459,106.53,-34.035,106.33,-34.208,0.2343,2.0495,106.87,-34.227,106.67,-34.208,0.2393,-4.8836,-19.326,3.4618,-19.304,3.4058,40.716,-5.0117,-19.361,3.4089,-19.338,3.4058,40.775,-5.348,-19.394,3.2241,-19.372,3.4058,40.82,-4.7716,-19.427,3.468,-19.407,3.4058,40.879,-4.7716,-19.462,3.4994,-19.441,3.4058,40.95,3.2184,-48.184,8.7491,-48.136,8.7001,20.218,3.6187,-48.272,8.5217,-48.223,8.7001,20.239,3.6027,-48.358,8.3822,-48.31,8.7001,20.259,3.1383,-48.443,8.6232,-48.397,8.7001,20.283,2.7701,-48.531,8.9851,-48.484,8.7001,20.312,-0.3367,-40.978,7.9592,-40.937,8.0928,-2.4777,-0.241,-41.06,8.3351,-41.018,8.0928,-2.4812,-0.3274,-41.142,8.2744,-41.099,8.0928,-2.4823,-0.4047,-41.224,8.142,-41.179,8.0928,-2.4733,-0.4695,-41.304,7.8781,-41.261,8.0928,-2.4672,0.5838,54.974,7.7002,55.015,7.5547,0.0848,0.6364,54.899,7.5237,54.94,7.5547,0.0861,0.6178,54.824,7.5104,54.864,7.5547,0.0873,0.6209,54.749,7.5224,54.789,7.5547,0.0901,0.6796,54.672,7.5166,54.713,7.5547,0.0926,0.9576,52.39,-30.117,52.215,-30.2,-0.0014,0.936,52.692,-30.224,52.517,-30.2,-0.0022,0.9422,52.995,-30.226,52.819,-30.2,-0.0029,0.9669,53.297,-30.128,53.121,-30.2,-0.0016,0.9206,53.599,-30.351,53.423,-30.2,-0.001,0,1
2.4178,105.16,-34.09,104.96,-34.208,0.2346,2.1296,105.51,-34.225,105.31,-34.208,0.2369,1.5532,105.85,-34.528,105.65,-34.208,0.2326,2.5619,106.19,-34.061,105.99,-34.208,0.226,2.5459,106.53,-34.035,106.33,-34.208,0.2343,-5.0117,-19.292,3.3977,-19.27,3.4058,40.653,-4.8836,-19.326,3.4618,-19.304,3.4058,40.716,-5.0117,-19.361,3.4089,-19.338,3.4058,40.775,-5.348,-19.394,3.2241,-19.372,3.4058,40.82,-4.7716,-19.427,3.468,-19.407,3.4058,40.879,3.0903,-48.096,8.7231,-48.049,8.7001,20.191,3.2184,-48.184,8.7491,-48.136,8.7001,20.218,3.6187,-48.272,8.5217,-48.223,8.7001,20.239,3.6027,-48.358,8.3822,-48.31,8.7001,20.259,3.1383,-48.443,8.6232,-48.397,8.7001,20.283,-0.3769,-40.899,8.0313,-40.856,8.0928,-2.4805,-0.3367,-40.978,7.9592,-40.937,8.0928,-2.4777,-0.241,-41.06,8.3351,-41.018,8.0928,-2.4812,-0.3274,-41.142,8.2744,-41.099,8.0928,-2.4823,-0.4047,-41.224,8.142,-41.179,8.0928,-2.4733,0.6333,55.05,7.508,55.091,7.5547,0.0826,0.5838,54.974,7.7002,55.015,7.5547,0.0848,0.6364,54.899,7.5237,54.94,7.5547,0.0861,0.6178,54.824,7.5104,54.864,7.5547,0.0873,0.6209,54.749,7.5224,54.789,7.5547,0.0901,0.9576,52.089,-30.146,51.913,-30.2,-0.0017,0.9576,52.39,-30.117,52.215,-30.2,-0.0014,0.936,52.692,-30.224,52.517,-30.2,-0.0022,0.9422,52.995,-30.226,52.819,-30.2,-0.0029,0.9669,53.297,-30.128,53.121,-30.2,-0.0016,0,1
2.3698,104.82,-34.133,104.62,-34.208,0.2346,2.4178,105.16,-34.09,104.96,-34.208,0.2346,2.1296,105.51,-34.225,105.31,-34.208,0.2369,1.5532,105.85,-34.528,105.65,-34.208,0.2326,2.5619,106.19,-34.061,105.99,-34.208,0.226,-4.8836,-19.258,3.4475,-19.236,3.4058,40.591,-5.0117,-19.292,3.3977,-19.27,3.4058,40.653,-4.8836,-19.326,3.4618,-19.304,3.4058,40.716,-5.0117,-19.361,3.4089,-19.338,3.4058,40.775,-5.348,-19.394,3.2241,-19.372,3.4058,40.82,3.2504,-48.009,8.598,-47.962,8.7001,20.166,3.0903,-48.096,8.7231,-48.049,8.7001,20.191,3.2184,-48.184,8.7491,-48.136,8.7001,20.218,3.6187,-48.272,8.5217,-48.223,8.7001,20.239,3.6027,-48.358,8.3822,-48.31,8.7001,20.259,-0.3769,-40.819,8.1598,-40.775,8.0928,-2.4832,-0.3769,-40.899,8.0313,-40.856,8.0928,-2.4805,-0.3367,-40.978,7.9592,-40.937,8.0928,-2.4777,-0.241,-41.06,8.3351,-41.018,8.0928,-2.4812,-0.3274,-41.142,8.2744,-41.099,8.0928,-2.4823,0.6333,55.126,7.4882,55.166,7.5547,0.0807,0.6333,55.05,7.508,55.091,7.5547,0.0826,0.5838,54.974,7.7002,55.015,7.5547,0.0848,0.6364,54.899,7.5237,54.94,7.5547,0.0861,0.6178,54.824,7.5104,54.864,7.5547,0.0873,0.9669,51.787,-30.093,51.611,-30.2,-0.0018,0.9576,52.089,-30.146,51.913,-30.2,-0.0017,0.9576,52.39,-30.117,52.215,-30.2,-0.0014,0.936,52.692,-30.224,52.517,-30.2,-0.0022,0.9422,52.995,-30.226,52.819,-30.2,-0.0029,0,1
2.4338,104.62,-34.095,104.42,-34.208,0.2278,2.3698,104.82,-34.133,104.62,-34.208,0.2346,2.4178,105.16,-34.09,104.96,-34.208,0.2346,2.1296,105.51,-34.225,105.31,-34.208,0.2369,1.5532,105.85,-34.528,105.65,-34.208,0.2326,-5.2519,-19.238,3.2766,-19.216,3.4058,40.551,-4.8836,-19.258,3.4475,-19.236,3.4058,40.591,-5.0117,-19.292,3.3977,-19.27,3.4058,40.653,-4.8836,-19.326,3.4618,-19.304,3.4058,40.716,-5.0117,-19.361,3.4089,-19.338,3.4058,40.775,3.6187,-47.958,8.4422,-47.91,8.7001,20.149,3.2504,-48.009,8.598,-47.962,8.7001,20.166,3.0903,-48.096,8.7231,-48.049,8.7001,20.191,3.2184,-48.184,8.7491,-48.136,8.7001,20.218,3.6187,-48.272,8.5217,-48.223,8.7001,20.239,-0.1946,-40.769,8.4363,-40.726,8.0928,-2.4889,-0.3769,-40.819,8.1598,-40.775,8.0928,-2.4832,-0.3769,-40.899,8.0313,-40.856,8.0928,-2.4805,-0.3367,-40.978,7.9592,-40.937,8.0928,-2.4777,-0.241,-41.06,8.3351,-41.018,8.0928,-2.4812,0.7414,55.17,7.3428,55.212,7.5547,0.0788,0.6333,55.126,7.4882,55.166,7.5547,0.0807,0.6333,55.05,7.508,55.091,7.5547,0.0826,0.5838,54.974,7.7002,55.015,7.5547,0.0848,0.6364,54.899,7.5237,54.94,7.5547,0.0861,0.9638,51.605,-30.074,51.43,-30.2,-0.0027,0.9669,51.787,-30.093,51.611,-30.2,-0.0018,0.9576,52.089,-30.146,51.913,-30.2,-0.0017,0.9576,52.39,-30.117,52.215,-30.2,-0.0014,0.936,52.692,-30.224,52.517,-30.2,-0.0022,0,1
1.6332,104.48,-34.468,104.28,-34.208,0.2304,2.4338,104.62,-34.095,104.42,-34.208,0.2278,2.3698,104.82,-34.133,104.62,-34.208,0.2346,2.4178,105.16,-34.09,104.96,-34.208,0.2346,2.1296,105.51,-34.225,105.31,-34.208,0.2369,-5.2359,-19.224,3.2934,-19.202,3.4058,40.538,-5.2519,-19.238,3.2766,-19.216,3.4058,40.551,-4.8836,-19.258,3.4475,-19.236,3.4058,40.591,-5.0117,-19.292,3.3977,-19.27,3.4058,40.653,-4.8836,-19.326,3.4618,-19.304,3.4058,40.716,3.5386,-47.924,8.5564,-47.875,8.7001,20.143,3.6187,-47.958,8.4422,-47.91,8.7001,20.149,3.2504,-48.009,8.598,-47.962,8.7001,20.166,3.0903,-48.096,8.7231,-48.049,8.7001,20.191,3.2184,-48.184,8.7491,-48.136,8.7001,20.218,-0.1606,-40.735,8.3673,-40.694,8.0928,-2.4899,-0.1946,-40.769,8.4363,-40.726,8.0928,-2.4889,-0.3769,-40.819,8.1598,-40.775,8.0928,-2.4832,-0.3769,-40.899,8.0313,-40.856,8.0928,-2.4805,-0.3367,-40.978,7.9592,-40.937,8.0928,-2.4777,0.5622,55.201,7.7814,55.242,7.5547,0.0782,0.7414,55.17,7.3428,55.212,7.5547,0.0788,0.6333,55.126,7.4882,55.166,7.5547,0.0807,0.6333,55.05,7.508,55.091,7.5547,0.0826,0.5838,54.974,7.7002,55.015,7.5547,0.0848,0.9916,51.485,-30.005,51.309,-30.2,-0.0025,0.9638,51.605,-30.074,51.43,-30.2,-0.0027,0.9669,51.787,-30.093,51.611,-30.2,-0.0018,0.9576,52.089,-30.146,51.913,-30.2,-0.0017,0.9576,52.39,-30.117,52.215,-30.2,-0.0014,0,1
1.6492,104.14,-34.416,103.94,-34.208,0.2398,1.6332,104.48,-34.468,104.28,-34.208,0.2304,2.4338,104.62,-34.095,104.42,-34.208,0.2278,2.3698,104.82,-34.133,104.62,-34.208,0.2346,2.4178,105.16,-34.09,104.96,-34.208,0.2346,-4.6915,-19.189,3.5415,-19.168,3.4058,40.485,-5.2359,-19.224,3.2934,-19.202,3.4058,40.538,-5.2519,-19.238,3.2766,-19.216,3.4058,40.551,-4.8836,-19.258,3.4475,-19.236,3.4058,40.591,-5.0117,-19.292,3.3977,-19.27,3.4058,40.653,3.2825,-47.838,8.7774,-47.788,8.7001,20.122,3.5386,-47.924,8.5564,-47.875,8.7001,20.143,3.6187,-47.958,8.4422,-47.91,8.7001,20.149,3.2504,-48.009,8.598,-47.962,8.7001,20.166,3.0903,-48.096,8.7231,-48.049,8.7001,20.191,-0.2718,-40.654,8.0708,-40.613,8.0928,-2.4839,-0.1606,-40.735,8.3673,-40.694,8.0928,-2.4899,-0.1946,-40.769,8.4363,-40.726,8.0928,-2.4889,-0.3769,-40.819,8.1598,-40.775,8.0928,-2.4832,-0.3769,-40.899,8.0313,-40.856,8.0928,-2.4805,0.6395,55.276,7.5579,55.318,7.5547,0.0774,0.5622,55.201,7.7814,55.242,7.5547,0.0782,0.7414,55.17,7.3428,55.212,7.5547,0.0788,0.6333,55.126,7.4882,55.166,7.5547,0.0807,0.6333,55.05,7.508,55.091,7.5547,0.0826,0.9916,51.183,-29.988,51.007,-30.2,-0.0013,0.9916,51.485,-30.005,51.309,-30.2,-0.0025,0.9638,51.605,-30.074,51.43,-30.2,-0.0027,0.9669,51.787,-30.093,51.611,-30.2,-0.0018,0.9576,52.089,-30.146,51.913,-30.2,-0.0017,0,1
2.2096,103.79,-34.148,103.6,-34.208,0.2387,1.6492,104.14,-34.416,103.94,-34.208,0.2398,1.6332,104.48,-34.468,104.28,-34.208,0.2304,2.4338,104.62,-34.095,104.42,-34.208,0.2278,2.3698,104.82,-34.133,104.62,-34.208,0.2346,-4.8676,-19.154,3.4345,-19.134,3.4058,40.423,-4.6915,-19.189,3.5415,-19.168,3.4058,40.485,-5.2359,-19.224,3.2934,-19.202,3.4058,40.538,-5.2519,-19.238,3.2766,-19.216,3.4058,40.551,-4.8836,-19.258,3.4475,-19.236,3.4058,40.591,2.9942,-47.749,8.8566,-47.701,8.7001,20.098,3.2825,-47.838,8.7774,-47.788,8.7001,20.122,3.5386,-47.924,8.5564,-47.875,8.7001,20.143,3.6187,-47.958,8.4422,-47.91,8.7001,20.149,3.2504,-48.009,8.598,-47.962,8.7001,20.166,-0.3707,-40.574,7.8636,-40.532,8.0928,-2.4858,-0.2718,-40.654,8.0708,-40.613,8.0928,-2.4839,-0.1606,-40.735,8.3673,-40.694,8.0928,-2.4899,-0.1946,-40.769,8.4363,-40.726,8.0928,-2.4889,-0.3769,-40.819,8.1598,-40.775,8.0928,-2.4832,0.6147,55.353,7.531,55.393,7.5547,0.0753,0.6395,55.276,7.5579,55.318,7.5547,0.0774,0.5622,55.201,7.7814,55.242,7.5547,0.0782,0.7414,55.17,7.3428,55.212,7.5547,0.0788,0.6333,55.126,7.4882,55.166,7.5547,0.0807,0.9484,50.881,-30.168,50.705,-30.2,-0.0015,0.9916,51.183,-29.988,51.007,-30.2,-0.0013,0.9916,51.485,-30.005,51.309,-30.2,-0.0025,0.9638,51.605,-30.074,51.43,-30.2,-0.0027,0.9669,51.787,-30.093,51.611,-30.2,-0.0018,0,1
2.2897,103.45,-34.154,103.25,-34.208,0.2391,2.2096,103.79,-34.148,103.6,-34.208,0.2387,1.6492,104.14,-34.416,103.94,-34.208,0.2398,1.6332,104.48,-34.468,104.28,-34.208,0.2304,2.4338,104.62,-34.095,104.42,-34.208,0.2278,-4.6595,-19.12,3.5079,-19.1,3.4058,40.358,-4.8676,-19.154,3.4345,-19.134,3.4058,40.423,-4.6915,-19.189,3.5415,-19.168,3.4058,40.485,-5.2359,-19.224,3.2934,-19.202,3.4058,40.538,-5.2519,-19.238,3.2766,-19.216,3.4058,40.551,2.9142,-47.661,8.8031,-47.614,8.7001,20.071,2.9942,-47.749,8.8566,-47.701,8.7001,20.098,3.2825,-47.838,8.7774,-47.788,8.7001,20.122,3.5386,-47.924,8.5564,-47.875,8.7001,20.143,3.6187,-47.958,8.4422,-47.91,8.7001,20.149,-0.2996,-40.493,8.072,-40.451,8.0928,-2.4871,-0.3707,-40.574,7.8636,-40.532,8.0928,-2.4858,-0.2718,-40.654,8.0708,-40.613,8.0928,-2.4839,-0.1606,-40.735,8.3673,-40.694,8.0928,-2.4899,-0.1946,-40.769,8.4363,-40.726,8.0928,-2.4889,0.6611,55.428,7.4595,55.469,7.5547,0.0734,0.6147,55.353,7.531,55.393,7.5547,0.0753,0.6395,55.276,7.5579,55.318,7.5547,0.0774,0.5622,55.201,7.7814,55.242,7.5547,0.0782,0.7414,55.17,7.3428,55.212,7.5547,0.0788,0.9638,50.578,-30.085,50.403,-30.2,-0.0015,0.9484,50.881,-30.168,50.705,-30.2,-0.0015,0.9916,51.183,-29.988,51.007,-30.2,-0.0013,0.9916,51.485,-30.005,51.309,-30.2,-0.0025,0.9638,51.605,-30.074,51.43,-30.2,-0.0027,0,1
2.1456,103.11,-34.244,102.91,-34.208,0.2314,2.2897,103.45,-34.154,103.25,-34.208,0.2391,2.2096,103.79,-34.148,103.6,-34.208,0.2387,1.6492,104.14,-34.416,103.94,-34.208,0.2398,1.6332,104.48,-34.468,104.28,-34.208,0.2304,-5.0278,-19.085,3.3129,-19.066,3.4058,40.299,-4.6595,-19.12,3.5079,-19.1,3.4058,40.358,-4.8676,-19.154,3.4345,-19.134,3.4058,40.423,-4.6915,-19.189,3.5415,-19.168,3.4058,40.485,-5.2359,-19.224,3.2934,-19.202,3.4058,40.538,3.5867,-47.575,8.3919,-47.527,8.7001,20.046,2.9142,-47.661,8.8031,-47.614,8.7001,20.071,2.9942,-47.749,8.8566,-47.701,8.7001,20.098,3.2825,-47.838,8.7774,-47.788,8.7001,20.122,3.5386,-47.924,8.5564,-47.875,8.7001,20.143,-0.2502,-40.412,8.2011,-40.37,8.0928,-2.4976,-0.2996,-40.493,8.072,-40.451,8.0928,-2.4871,-0.3707,-40.574,7.8636,-40.532,8.0928,-2.4858,-0.2718,-40.654,8.0708,-40.613,8.0928,-2.4839,-0.1606,-40.735,8.3673,-40.694,8.0928,-2.4899,0.6055,55.504,7.5566,55.544,7.5547,0.0706,0.6611,55.428,7.4595,55.469,7.5547,0.0734,0.6147,55.353,7.531,55.393,7.5547,0.0753,0.6395,55.276,7.5579,55.318,7.5547,0.0774,0.5622,55.201,7.7814,55.242,7.5547,0.0782,0.902,50.276,-30.355,50.101,-30.2,-0.0028,0.9638,50.578,-30.085,50.403,-30.2,-0.0015,0.9484,50.881,-30.168,50.705,-30.2,-0.0015,0.9916,51.183,-29.988,51.007,-30.2,-0.0013,0.9916,51.485,-30.005,51.309,-30.2,-0.0025,0,1
2.0495,102.77,-34.269,102.57,-34.208,0.2345,2.1456,103.11,-34.244,102.91,-34.208,0.2314,2.2897,103.45,-34.154,103.25,-34.208,0.2391,2.2096,103.79,-34.148,103.6,-34.208,0.2387,1.6492,104.14,-34.416,103.94,-34.208,0.2398,-4.9957,-19.052,3.3613,-19.032,3.4058,40.246,-5.0278,-19.085,3.3129,-19.066,3.4058,40.299,-4.6595,-19.12,3.5079,-19.1,3.4058,40.358,-4.8676,-19.154,3.4345,-19.134,3.4058,40.423,-4.6915,-19.189,3.5415,-19.168,3.4058,40.485,3.5066,-47.49,8.5918,-47.44,8.7001,20.025,3.5867,-47.575,8.3919,-47.527,8.7001,20.046,2.9142,-47.661,8.8031,-47.614,8.7001,20.071,2.9942,-47.749,8.8566,-47.701,8.7001,20.098,3.2825,-47.838,8.7774,-47.788,8.7001,20.122,-0.3182,-40.331,8.0134,-40.289,8.0928,-2.4951,-0.2502,-40.412,8.2011,-40.37,8.0928,-2.4976,-0.2996,-40.493,8.072,-40.451,8.0928,-2.4871,-0.3707,-40.574,7.8636,-40.532,8.0928,-2.4858,-0.2718,-40.654,8.0708,-40.613,8.0928,-2.4839,0.6395,55.579,7.5023,55.62,7.5547,0.0691,0.6055,55.504,7.5566,55.544,7.5547,0.0706,0.6611,55.428,7.4595,55.469,7.5547,0.0734,0.6147,55.353,7.531,55.393,7.5547,0.0753,0.6395,55.276,7.5579,55.318,7.5547,0.0774,0.9422,49.975,-30.214,49.799,-30.2,-0.0022,0.902,50.276,-30.355,50.101,-30.2,-0.0028,0.9638,50.578,-30.085,50.403,-30.2,-0.0015,0.9484,50.881,-30.168,50.705,-30.2,-0.0015,0.9916,51.183,-29.988,51.007,-30.2,-0.0013,0,1
1.4411,102.43,-34.522,102.23,-34.208,0.2428,2.0495,102.77,-34.269,102.57,-34.208,0.2345,2.1456,103.11,-34.244,102.91,-34.208,0.2314,2.2897,103.45,-34.154,103.25,-34.208,0.2391,2.2096,103.79,-34.148,103.6,-34.208,0.2387,-4.6114,-19.018,3.5313,-18.998,3.4058,40.194,-4.9957,-19.052,3.3613,-19.032,3.4058,40.246,-5.0278,-19.085,3.3129,-19.066,3.4058,40.299,-4.6595,-19.12,3.5079,-19.1,3.4058,40.358,-4.8676,-19.154,3.4345,-19.134,3.4058,40.423,2.7861,-47.401,9.0096,-47.353,8.7001,20.002,3.5066,-47.49,8.5918,-47.44,8.7001,20.025,3.5867,-47.575,8.3919,-47.527,8.7001,20.046,2.9142,-47.661,8.8031,-47.614,8.7001,20.071,2.9942,-47.749,8.8566,-47.701,8.7001,20.098,-0.2595,-40.25,8.0446,-40.208,8.0928,-2.4907,-0.3182,-40.331,8.0134,-40.289,8.0928,-2.4951,-0.2502,-40.412,8.2011,-40.37,8.0928,-2.4976,-0.2996,-40.493,8.072,-40.451,8.0928,-2.4871,-0.3707,-40.574,7.8636,-40.532,8.0928,-2.4858,0.6889,55.654,7.4115,55.695,7.5547,0.068,0.6395,55.579,7.5023,55.62,7.5547,0.0691,0.6055,55.504,7.5566,55.544,7.5547,0.0706,0.6611,55.428,7.4595,55.469,7.5547,0.0734,0.6147,55.353,7.531,55.393,7.5547,0.0753,0.9051,49.673,-30.398,49.497,-30.2,-0.0013,0.9422,49.975,-30.214,49.799,-30.2,-0.0022,0.902,50.276,-30.355,50.101,-30.2,-0.0028,0.9638,50.578,-30.085,50.403,-30.2,-0.0015,0.9484,50.881,-30.168,50.705,-30.2,-0.0015,0,1
2.4658,102.09,-34.048,101.89,-34.208,0.2379,1.4411,102.43,-34.522,102.23,-34.208,0.2428,2.0495,102.77,-34.269,102.57,-34.208,0.2345,2.1456,103.11,-34.244,102.91,-34.208,0.2314,2.2897,103.45,-34.154,103.25,-34.208,0.2391,-4.7556,-18.983,3.4334,-18.964,3.4058,40.118,-4.6114,-19.018,3.5313,-18.998,3.4058,40.194,-4.9957,-19.052,3.3613,-19.032,3.4058,40.246,-5.0278,-19.085,3.3129,-19.066,3.4058,40.299,-4.6595,-19.12,3.5079,-19.1,3.4058,40.358,2.658,-47.312,8.9154,-47.266,8.7001,19.972,2.7861,-47.401,9.0096,-47.353,8.7001,20.002,3.5066,-47.49,8.5918,-47.44,8.7001,20.025,3.5867,-47.575,8.3919,-47.527,8.7001,20.046,2.9142,-47.661,8.8031,-47.614,8.7001,20.071,-0.2935,-40.17,8.0917,-40.127,8.0928,-2.4926,-0.2595,-40.25,8.0446,-40.208,8.0928,-2.4907,-0.3182,-40.331,8.0134,-40.289,8.0928,-2.4951,-0.2502,-40.412,8.2011,-40.37,8.0928,-2.4976,-0.2996,-40.493,8.072,-40.451,8.0928,-2.4871,0.553,55.73,7.7634,55.771,7.5547,0.0657,0.6889,55.654,7.4115,55.695,7.5547,0.068,0.6395,55.579,7.5023,55.62,7.5547,0.0691,0.6055,55.504,7.5566,55.544,7.5547,0.0706,0.6611,55.428,7.4595,55.469,7.5547,0.0734,0.936,49.371,-30.242,49.195,-30.2,-0.0014,0.9051,49.673,-30.398,49.497,-30.2,-0.0013,0.9422,49.975,-30.214,49.799,-30.2,-0.0022,0.902,50.276,-30.355,50.101,-30.2,-0.0028,0.9638,50.578,-30.085,50.403,-30.2,-0.0015,0,1
2.6099,101.74,-34.006,101.54,-34.208,0.2366,2.4658,102.09,-34.048,101.89,-34.208,0.2379,1.4411,102.43,-34.522,102.23,-34.208,0.2428,2.0495,102.77,-34.269,102.57,-34.208,0.2345,2.1456,103.11,-34.244,102.91,-34.208,0.2314,-4.7556,-18.949,3.4248,-18.93,3.4058,40.061,-4.7556,-18.983,3.4334,-18.964,3.4058,40.118,-4.6114,-19.018,3.5313,-18.998,3.4058,40.194,-4.9957,-19.052,3.3613,-19.032,3.4058,40.246,-5.0278,-19.085,3.3129,-19.066,3.4058,40.299,3.0903,-47.226,8.6775,-47.179,8.7001,19.949,2.658,-47.312,8.9154,-47.266,8.7001,19.972,2.7861,-47.401,9.0096,-47.353,8.7001,20.002,3.5066,-47.49,8.5918,-47.44,8.7001,20.025,3.5867,-47.575,8.3919,-47.527,8.7001,20.046,-0.3491,-40.09,8.0093,-40.047,8.0928,-2.4964,-0.2935,-40.17,8.0917,-40.127,8.0928,-2.4926,-0.2595,-40.25,8.0446,-40.208,8.0928,-2.4907,-0.3182,-40.331,8.0134,-40.289,8.0928,-2.4951,-0.2502,-40.412,8.2011,-40.37,8.0928,-2.4976,0.5808,55.806,7.6516,55.846,7.5547,0.0637,0.553,55.73,7.7634,55.771,7.5547,0.0657,0.6889,55.654,7.4115,55.695,7.5547,0.068,0.6395,55.579,7.5023,55.62,7.5547,0.0691,0.6055,55.504,7.5566,55.544,7.5547,0.0706,0.8773,49.069,-30.563,48.893,-30.2,-0.0017,0.936,49.371,-30.242,49.195,-30.2,-0.0014,0.9051,49.673,-30.398,49.497,-30.2,-0.0013,0.9422,49.975,-30.214,49.799,-30.2,-0.0022,0.902,50.276,-30.355,50.101,-30.2,-0.0028,0,1
1.8574,101.4,-34.349,101.2,-34.208,0.2372,2.6099,101.74,-34.006,101.54,-34.208,0.2366,2.4658,102.09,-34.048,101.89,-34.208,0.2379,1.4411,102.43,-34.522,102.23,-34.208,0.2428,2.0495,102.77,-34.269,102.57,-34.208,0.2345,-4.7235,-18.914,3.4274,-18.896,3.4058,40.005,-4.7556,-18.949,3.4248,-18.93,3.4058,40.061,-4.7556,-18.983,3.4334,-18.964,3.4058,40.118,-4.6114,-19.018,3.5313,-18.998,3.4058,40.194,-4.9957,-19.052,3.3613,-19.032,3.4058,40.246,3.1864,-47.142,8.8196,-47.092,8.7001,19.924,3.0903,-47.226,8.6775,-47.179,8.7001,19.949,2.658,-47.312,8.9154,-47.266,8.7001,19.972,2.7861,-47.401,9.0096,-47.353,8.7001,20.002,3.5066,-47.49,8.5918,-47.44,8.7001,20.025,-0.1823,-40.008,8.2873,-39.966,8.0928,-2.4982,-0.3491,-40.09,8.0093,-40.047,8.0928,-2.4964,-0.2935,-40.17,8.0917,-40.127,8.0928,-2.4926,-0.2595,-40.25,8.0446,-40.208,8.0928,-2.4907,-0.3182,-40.331,8.0134,-40.289,8.0928,-2.4951,0.6889,55.881,7.4044,55.922,7.5547,0.0616,0.5808,55.806,7.6516,55.846,7.5547,0.0637,0.553,55.73,7.7634,55.771,7.5547,0.0657,0.6889,55.654,7.4115,55.695,7.5547,0.068,0.6395,55.579,7.5023,55.62,7.5547,0.0691,0.9453,48.767,-30.238,48.591,-30.2,-0.0018,0.8773,49.069,-30.563,48.893,-30.2,-0.0017,0.936,49.371,-30.242,49.195,-30.2,-0.0014,0.9051,49.673,-30.398,49.497,-30.2,-0.0013,0.9422,49.975,-30.214,49.799,-30.2,-0.0022,0,1
1.7933,101.19,-34.358,101,-34.208,0.2368,1.8574,101.4,-34.349,101.2,-34.208,0.2372,2.6099,101.74,-34.006,101.54,-34.208,0.2366,2.4658,102.09,-34.048,101.89,-34.208,0.2379,1.4411,102.43,-34.522,102.23,-34.208,0.2428,-4.8997,-18.894,3.3462,-18.875,3.4058,39.977,-4.7235,-18.914,3.4274,-18.896,3.4058,40.005,-4.7556,-18.949,3.4248,-18.93,3.4058,40.061,-4.7556,-18.983,3.4334,-18.964,3.4058,40.118,-4.6114,-19.018,3.5313,-18.998,3.4058,40.194,3.2344,-47.09,8.7577,-47.04,8.7001,19.913,3.1864,-47.142,8.8196,-47.092,8.7001,19.924,3.0903,-47.226,8.6775,-47.179,8.7001,19.949,2.658,-47.312,8.9154,-47.266,8.7001,19.972,2.7861,-47.401,9.0096,-47.353,8.7001,20.002,-0.312,-39.959,7.9478,-39.917,8.0928,-2.5012,-0.1823,-40.008,8.2873,-39.966,8.0928,-2.4982,-0.3491,-40.09,8.0093,-40.047,8.0928,-2.4964,-0.2935,-40.17,8.0917,-40.127,8.0928,-2.4926,-0.2595,-40.25,8.0446,-40.208,8.0928,-2.4907,0.6827,55.926,7.4595,55.967,7.5547,0.0604,0.6889,55.881,7.4044,55.922,7.5547,0.0616,0.5808,55.806,7.6516,55.846,7.5547,0.0637,0.553,55.73,7.7634,55.771,7.5547,0.0657,0.6889,55.654,7.4115,55.695,7.5547,0.068,0.936,48.586,-30.278,48.41,-30.2,-0.0022,0.9453,48.767,-30.238,48.591,-30.2,-0.0018,0.8773,49.069,-30.563,48.893,-30.2,-0.0017,0.936,49.371,-30.242,49.195,-30.2,-0.0014,0.9051,49.673,-30.398,49.497,-30.2,-0.0013,0,1
2.3057,101.06,-34.094,100.86,-34.208,0.2369,1.7933,101.19,-34.358,101,-34.208,0.2368,1.8574,101.4,-34.349,101.2,-34.208,0.2372,2.6099,101.74,-34.006,101.54,-34.208,0.2366,2.4658,102.09,-34.048,101.89,-34.208,0.2379,-4.8196,-18.881,3.3884,-18.862,3.4058,39.945,-4.8997,-18.894,3.3462,-18.875,3.4058,39.977,-4.7235,-18.914,3.4274,-18.896,3.4058,40.005,-4.7556,-18.949,3.4248,-18.93,3.4058,40.061,-4.7556,-18.983,3.4334,-18.964,3.4058,40.118,3.1063,-47.054,8.8427,-47.005,8.7001,19.901,3.2344,-47.09,8.7577,-47.04,8.7001,19.913,3.1864,-47.142,8.8196,-47.092,8.7001,19.924,3.0903,-47.226,8.6775,-47.179,8.7001,19.949,2.658,-47.312,8.9154,-47.266,8.7001,19.972,-0.2966,-39.927,8.0171,-39.885,8.0928,-2.498,-0.312,-39.959,7.9478,-39.917,8.0928,-2.5012,-0.1823,-40.008,8.2873,-39.966,8.0928,-2.4982,-0.3491,-40.09,8.0093,-40.047,8.0928,-2.4964,-0.2935,-40.17,8.0917,-40.127,8.0928,-2.4926,0.5622,55.956,7.7329,55.998,7.5547,0.0598,0.6827,55.926,7.4595,55.967,7.5547,0.0604,0.6889,55.881,7.4044,55.922,7.5547,0.0616,0.5808,55.806,7.6516,55.846,7.5547,0.0637,0.553,55.73,7.7634,55.771,7.5547,0.0657,0.9391,48.465,-30.25,48.289,-30.2,-0.0015,0.936,48.586,-30.278,48.41,-30.2,-0.0022,0.9453,48.767,-30.238,48.591,-30.2,-0.0018,0.8773,49.069,-30.563,48.893,-30.2,-0.0017,0.936,49.371,-30.242,49.195,-30.2,-0.0014,0,1
2.9942,100.72,-33.787,100.52,-34.208,0.2372,2.3057,101.06,-34.094,100.86,-34.208,0.2369,1.7933,101.19,-34.358,101,-34.208,0.2368,1.8574,101.4,-34.349,101.2,-34.208,0.2372,2.6099,101.74,-34.006,101.54,-34.208,0.2366,-4.5954,-18.846,3.4747,-18.828,3.4058,39.877,-4.8196,-18.881,3.3884,-18.862,3.4058,39.945,-4.8997,-18.894,3.3462,-18.875,3.4058,39.977,-4.7235,-18.914,3.4274,-18.896,3.4058,40.005,-4.7556,-18.949,3.4248,-18.93,3.4058,40.061,3.0743,-46.965,8.6531,-46.918,8.7001,19.874,3.1063,-47.054,8.8427,-47.005,8.7001,19.901,3.2344,-47.09,8.7577,-47.04,8.7001,19.913,3.1864,-47.142,8.8196,-47.092,8.7001,19.924,3.0903,-47.226,8.6775,-47.179,8.7001,19.949,-0.3861,-39.847,7.9573,-39.804,8.0928,-2.4986,-0.2966,-39.927,8.0171,-39.885,8.0928,-2.498,-0.312,-39.959,7.9478,-39.917,8.0928,-2.5012,-0.1823,-40.008,8.2873,-39.966,8.0928,-2.4982,-0.3491,-40.09,8.0093,-40.047,8.0928,-2.4964,0.6086,56.032,7.5656,56.073,7.5547,0.058,0.5622,55.956,7.7329,55.998,7.5547,0.0598,0.6827,55.926,7.4595,55.967,7.5547,0.0604,0.6889,55.881,7.4044,55.922,7.5547,0.0616,0.5808,55.806,7.6516,55.846,7.5547,0.0637,0.936,48.163,-30.251,47.987,-30.2,-0.0014,0.9391,48.465,-30.25,48.289,-30.2,-0.0015,0.936,48.586,-30.278,48.41,-30.2,-0.0022,0.9453,48.767,-30.238,48.591,-30.2,-0.0018,0.8773,49.069,-30.563,48.893,-30.2,-0.0017,0,1
2.3538,100.38,-34.129,100.17,-34.208,0.2319,2.9942,100.72,-33.787,100.52,-34.208,0.2372,2.3057,101.06,-34.094,100.86,-34.208,0.2369,1.7933,101.19,-34.358,101,-34.208,0.2368,1.8574,101.4,-34.349,101.2,-34.208,0.2372,-4.8836,-18.812,3.3397,-18.794,3.4058,39.82,-4.5954,-18.846,3.4747,-18.828,3.4058,39.877,-4.8196,-18.881,3.3884,-18.862,3.4058,39.945,-4.8997,-18.894,3.3462,-18.875,3.4058,39.977,-4.7235,-18.914,3.4274,-18.896,3.4058,40.005,3.3305,-46.878,8.4413,-46.831,8.7001,19.848,3.0743,-46.965,8.6531,-46.918,8.7001,19.874,3.1063,-47.054,8.8427,-47.005,8.7001,19.901,3.2344,-47.09,8.7577,-47.04,8.7001,19.913,3.1864,-47.142,8.8196,-47.092,8.7001,19.924,-0.2842,-39.766,8.2242,-39.723,8.0928,-2.5072,-0.3861,-39.847,7.9573,-39.804,8.0928,-2.4986,-0.2966,-39.927,8.0171,-39.885,8.0928,-2.498,-0.312,-39.959,7.9478,-39.917,8.0928,-2.5012,-0.1823,-40.008,8.2873,-39.966,8.0928,-2.4982,0.6302,56.108,7.5514,56.149,7.5547,0.0553,0.6086,56.032,7.5656,56.073,7.5547,0.058,0.5622,55.956,7.7329,55.998,7.5547,0.0598,0.6827,55.926,7.4595,55.967,7.5547,0.0604,0.6889,55.881,7.4044,55.922,7.5547,0.0616,0.9731,47.861,-30.081,47.685,-30.2,-0.0025,0.936,48.163,-30.251,47.987,-30.2,-0.0014,0.9391,48.465,-30.25,48.289,-30.2,-0.0015,0.936,48.586,-30.278,48.41,-30.2,-0.0022,0.9453,48.767,-30.238,48.591,-30.2,-0.0018,0,1
2.3057,100.03,-34.166,99.833,-34.208,0.2344,2.3538,100.38,-34.129,100.17,-34.208,0.2319,2.9942,100.72,-33.787,100.52,-34.208,0.2372,2.3057,101.06,-34.094,100.86,-34.208,0.2369,1.7933,101.19,-34.358,101,-34.208,0.2368,-4.5634,-18.778,3.4824,-18.759,3.4058,39.762,-4.8836,-18.812,3.3397,-18.794,3.4058,39.82,-4.5954,-18.846,3.4747,-18.828,3.4058,39.877,-4.8196,-18.881,3.3884,-18.862,3.4058,39.945,-4.8997,-18.894,3.3462,-18.875,3.4058,39.977,3.6347,-46.793,8.3122,-46.744,8.7001,19.824,3.3305,-46.878,8.4413,-46.831,8.7001,19.848,3.0743,-46.965,8.6531,-46.918,8.7001,19.874,3.1063,-47.054,8.8427,-47.005,8.7001,19.901,3.2344,-47.09,8.7577,-47.04,8.7001,19.913,-0.2379,-39.685,8.2756,-39.642,8.0928,-2.5071,-0.2842,-39.766,8.2242,-39.723,8.0928,-2.5072,-0.3861,-39.847,7.9573,-39.804,8.0928,-2.4986,-0.2966,-39.927,8.0171,-39.885,8.0928,-2.498,-0.312,-39.959,7.9478,-39.917,8.0928,-2.5012,0.7105,56.182,7.4385,56.224,7.5547,0.0537,0.6302,56.108,7.5514,56.149,7.5547,0.0553,0.6086,56.032,7.5656,56.073,7.5547,0.058,0.5622,55.956,7.7329,55.998,7.5547,0.0598,0.6827,55.926,7.4595,55.967,7.5547,0.0604,0.9576,47.559,-30.184,47.383,-30.2,-0.0022,0.9731,47.861,-30.081,47.685,-30.2,-0.0025,0.936,48.163,-30.251,47.987,-30.2,-0.0014,0.9391,48.465,-30.25,48.289,-30.2,-0.0015,0.936,48.586,-30.278,48.41,-30.2,-0.0022,0,1
1.9054,99.691,-34.322,99.49,-34.208,0.2398,2.3057,100.03,-34.166,99.833,-34.208,0.2344,2.3538,100.38,-34.129,100.17,-34.208,0.2319,2.9942,100.72,-33.787,100.52,-34.208,0.2372,2.3057,101.06,-34.094,100.86,-34.208,0.2369,-4.6114,-18.743,3.448,-18.725,3.4058,39.713,-4.5634,-18.778,3.4824,-18.759,3.4058,39.762,-4.8836,-18.812,3.3397,-18.794,3.4058,39.82,-4.5954,-18.846,3.4747,-18.828,3.4058,39.877,-4.8196,-18.881,3.3884,-18.862,3.4058,39.945,3.0102,-46.706,8.829,-46.657,8.7001,19.804,3.6347,-46.793,8.3122,-46.744,8.7001,19.824,3.3305,-46.878,8.4413,-46.831,8.7001,19.848,3.0743,-46.965,8.6531,-46.918,8.7001,19.874,3.1063,-47.054,8.8427,-47.005,8.7001,19.901,-0.3522,-39.604,7.9372,-39.561,8.0928,-2.5043,-0.2379,-39.685,8.2756,-39.642,8.0928,-2.5071,-0.2842,-39.766,8.2242,-39.723,8.0928,-2.5072,-0.3861,-39.847,7.9573,-39.804,8.0928,-2.4986,-0.2966,-39.927,8.0171,-39.885,8.0928,-2.498,0.6673,56.258,7.4981,56.3,7.5547,0.0522,0.7105,56.182,7.4385,56.224,7.5547,0.0537,0.6302,56.108,7.5514,56.149,7.5547,0.0553,0.6086,56.032,7.5656,56.073,7.5547,0.058,0.5622,55.956,7.7329,55.998,7.5547,0.0598,0.9422,47.257,-30.241,47.081,-30.2,-0.0017,0.9576,47.559,-30.184,47.383,-30.2,-0.0022,0.9731,47.861,-30.081,47.685,-30.2,-0.0025,0.936,48.163,-30.251,47.987,-30.2,-0.0014,0.9391,48.465,-30.25,48.289,-30.2,-0.0015,0,1
